{"dataset": "sample", "path": "DATAROOT/sample", "scene": "sample1", "frames": [{"file_name_image": "DATAROOT/sample/sample1/color/00000001.jpg", "intrinsics": [[1400.287353515625, 0.0, 952.8792724609375], [0.0, 1400.3319091796875, 531.3993530273438], [0.0, 0.0, 1.0]], "pose": [[0.6208292841911316, -0.20219530165195465, 0.7574220299720764, 5.417202062606812], [-0.7820422649383545, -0.09244704246520996, 0.616330623626709, 4.002395458221436], [-0.05459773540496826, -0.974972128868103, -0.21551910042762756, 2.021697369813919], [0.0, 0.0, 0.0, 1.0]]}, {"file_name_image": "DATAROOT/sample/sample1/color/00000002.jpg", "intrinsics": [[1400.287353515625, 0.0, 952.8792724609375], [0.0, 1400.3319091796875, 531.3993530273438], [0.0, 0.0, 1.0]], "pose": [[0.7785597443580627, -0.20099937915802002, 0.5945115685462952, 5.106997199058533], [-0.6237853169441223, -0.14396481215953827, 0.7682226300239563, 4.014832801818848], [-0.06882352381944656, -0.9689548015594482, -0.23746566474437714, 2.0185241079330445], [0.0, 0.0, 0.0, 1.0]]}, {"file_name_image": "DATAROOT/sample/sample1/color/00000003.jpg", "intrinsics": [[1400.287353515625, 0.0, 952.8792724609375], [0.0, 1400.3319091796875, 531.3993530273438], [0.0, 0.0, 1.0]], "pose": [[0.8045017123222351, -0.20372092723846436, 0.5579200983047485, 5.043879098892212], [-0.5914024114608765, -0.18784034252166748, 0.7841933369636536, 4.060233421325684], [-0.05495670065283775, -0.9608401656150818, -0.2715989053249359, 2.0120143866539], [0.0, 0.0, 0.0, 1.0]]}, {"file_name_image": "DATAROOT/sample/sample1/color/00000004.jpg", "intrinsics": [[1400.287353515625, 0.0, 952.8792724609375], [0.0, 1400.3319091796875, 531.3993530273438], [0.0, 0.0, 1.0]], "pose": [[0.8064966201782227, -0.24194838106632233, 0.5394665598869324, 5.172135062217713], [-0.5890312194824219, -0.2500317394733429, 0.7684571146965027, 4.2373684120178225], [-0.05104319378733635, -0.9375207424163818, -0.3441649079322815, 1.9977578794956208], [0.0, 0.0, 0.0, 1.0]]}, {"file_name_image": "DATAROOT/sample/sample1/color/00000005.jpg", "intrinsics": [[1400.287353515625, 0.0, 952.8792724609375], [0.0, 1400.3319091796875, 531.3993530273438], [0.0, 0.0, 1.0]], "pose": [[0.7560067772865295, -0.29879191517829895, 0.5823891758918762, 5.180384464263916], [-0.6490855813026428, -0.22733931243419647, 0.7259509563446045, 4.500756568908692], [-0.08450831472873688, -0.9268442392349243, -0.3658115863800049, 2.002919909954071], [0.0, 0.0, 0.0, 1.0]]}, {"file_name_image": "DATAROOT/sample/sample1/color/00000006.jpg", "intrinsics": [[1400.287353515625, 0.0, 952.8792724609375], [0.0, 1400.3319091796875, 531.3993530273438], [0.0, 0.0, 1.0]], "pose": [[0.712295413017273, -0.33516258001327515, 0.616685688495636, 5.347575492858887], [-0.6966629028320312, -0.23068271577358246, 0.6792983412742615, 4.746315307617188], [-0.08541665971279144, -0.913483202457428, -0.39780959486961365, 1.9865327751636506], [0.0, 0.0, 0.0, 1.0]]}, {"file_name_image": "DATAROOT/sample/sample1/color/00000007.jpg", "intrinsics": [[1400.287353515625, 0.0, 952.8792724609375], [0.0, 1400.3319091796875, 531.3993530273438], [0.0, 0.0, 1.0]], "pose": [[0.7532079219818115, -0.34283527731895447, 0.5613749027252197, 5.566827840805054], [-0.6532042026519775, -0.2893214523792267, 0.6997266411781311, 4.948501415252686], [-0.07747317850589752, -0.8937320709228516, -0.4418606758117676, 1.9819515919685364], [0.0, 0.0, 0.0, 1.0]]}, {"file_name_image": "DATAROOT/sample/sample1/color/00000008.jpg", "intrinsics": [[1400.287353515625, 0.0, 952.8792724609375], [0.0, 1400.3319091796875, 531.3993530273438], [0.0, 0.0, 1.0]], "pose": [[0.7109710574150085, -0.371103435754776, 0.5973293781280518, 5.6385055255889895], [-0.6986093521118164, -0.27561038732528687, 0.6602907180786133, 5.318759746551514], [-0.08040598034858704, -0.8867474794387817, -0.45520734786987305, 1.982719180583954], [0.0, 0.0, 0.0, 1.0]]}, {"file_name_image": "DATAROOT/sample/sample1/color/00000009.jpg", "intrinsics": [[1400.287353515625, 0.0, 952.8792724609375], [0.0, 1400.3319091796875, 531.3993530273438], [0.0, 0.0, 1.0]], "pose": [[0.6456639170646667, -0.42073526978492737, 0.6372597217559814, 5.771885461807251], [-0.7548169493675232, -0.22527985274791718, 0.6160359978675842, 5.594748325347901], [-0.11562628298997879, -0.878766655921936, -0.46303319931030273, 1.9769967770576478], [0.0, 0.0, 0.0, 1.0]]}, {"file_name_image": "DATAROOT/sample/sample1/color/00000010.jpg", "intrinsics": [[1400.287353515625, 0.0, 952.8792724609375], [0.0, 1400.3319091796875, 531.3993530273438], [0.0, 0.0, 1.0]], "pose": [[0.45627179741859436, -0.5090509653091431, 0.729851484298706, 5.779433794021607], [-0.8783177137374878, -0.12607191503047943, 0.46115490794181824, 5.85278923034668], [-0.14273756742477417, -0.8514534831047058, -0.504631519317627, 1.9743575429916382], [0.0, 0.0, 0.0, 1.0]]}, {"file_name_image": "DATAROOT/sample/sample1/color/00000011.jpg", "intrinsics": [[1400.287353515625, 0.0, 952.8792724609375], [0.0, 1400.3319091796875, 531.3993530273438], [0.0, 0.0, 1.0]], "pose": [[0.05796002596616745, -0.5339279770851135, 0.8435410857200623, 5.774429388046265], [-0.9937086701393127, 0.05025492236018181, 0.100087471306324, 6.005876369476319], [-0.09583159536123276, -0.8440351486206055, -0.527656078338623, 1.9754698252677918], [0.0, 0.0, 0.0, 1.0]]}, {"file_name_image": "DATAROOT/sample/sample1/color/00000012.jpg", "intrinsics": [[1400.287353515625, 0.0, 952.8792724609375], [0.0, 1400.3319091796875, 531.3993530273438], [0.0, 0.0, 1.0]], "pose": [[-0.335407555103302, -0.4022867977619171, 0.8518609404563904, 5.928134508132935], [-0.9346957206726074, 0.2550472617149353, -0.24757781624794006, 5.93820936203003], [-0.11766751855611801, -0.8792703151702881, -0.46156051754951477, 1.9854403114318848], [0.0, 0.0, 0.0, 1.0]]}, {"file_name_image": "DATAROOT/sample/sample1/color/00000013.jpg", "intrinsics": [[1400.287353515625, 0.0, 952.8792724609375], [0.0, 1400.3319091796875, 531.3993530273438], [0.0, 0.0, 1.0]], "pose": [[-0.6810343265533447, -0.22737222909927368, 0.6960561275482178, 6.030877418518067], [-0.7224799990653992, 0.36341968178749084, -0.5881741046905518, 5.97572452545166], [-0.11922603845596313, -0.9034533500671387, -0.4117731750011444, 2.0027629709243775], [0.0, 0.0, 0.0, 1.0]]}, {"file_name_image": "DATAROOT/sample/sample1/color/00000014.jpg", "intrinsics": [[1400.287353515625, 0.0, 952.8792724609375], [0.0, 1400.3319091796875, 531.3993530273438], [0.0, 0.0, 1.0]], "pose": [[-0.8079082369804382, -0.16207771003246307, 0.5665819048881531, 6.066541261672974], [-0.5818405747413635, 0.3719565272331238, -0.7232633829116821, 5.98624402999878], [-0.09351895749568939, -0.9139907956123352, -0.39481014013290405, 2.0050271129608155], [0.0, 0.0, 0.0, 1.0]]}, {"file_name_image": "DATAROOT/sample/sample1/color/00000015.jpg", "intrinsics": [[1400.287353515625, 0.0, 952.8792724609375], [0.0, 1400.3319091796875, 531.3993530273438], [0.0, 0.0, 1.0]], "pose": [[-0.784113883972168, -0.169797882437706, 0.5969372391700745, 6.019208021163941], [-0.6158607602119446, 0.33173683285713196, -0.7146090865135193, 5.871644802093506], [-0.07668695598840714, -0.9279651641845703, -0.3646913170814514, 2.0063571310043335], [0.0, 0.0, 0.0, 1.0]]}, {"file_name_image": "DATAROOT/sample/sample1/color/00000016.jpg", "intrinsics": [[1400.287353515625, 0.0, 952.8792724609375], [0.0, 1400.3319091796875, 531.3993530273438], [0.0, 0.0, 1.0]], "pose": [[-0.6528879404067993, -0.22258786857128143, 0.7240110039710999, 5.962894268035889], [-0.7541677951812744, 0.2799747586250305, -0.5940076112747192, 5.743897743225098], [-0.07048593461513519, -0.9338462352752686, -0.3506607413291931, 2.002490965127945], [0.0, 0.0, 0.0, 1.0]]}, {"file_name_image": "DATAROOT/sample/sample1/color/00000017.jpg", "intrinsics": [[1400.287353515625, 0.0, 952.8792724609375], [0.0, 1400.3319091796875, 531.3993530273438], [0.0, 0.0, 1.0]], "pose": [[-0.5862722992897034, -0.2476310282945633, 0.7713388800621033, 5.9980800819396975], [-0.8068519234657288, 0.2638469338417053, -0.528559148311615, 5.650513954162598], [-0.07262773811817169, -0.932235836982727, -0.35448771715164185, 1.992344526052475], [0.0, 0.0, 0.0, 1.0]]}, {"file_name_image": "DATAROOT/sample/sample1/color/00000018.jpg", "intrinsics": [[1400.287353515625, 0.0, 952.8792724609375], [0.0, 1400.3319091796875, 531.3993530273438], [0.0, 0.0, 1.0]], "pose": [[-0.536126971244812, -0.2666073441505432, 0.8009297251701355, 6.08347017288208], [-0.8415502905845642, 0.24303489923477173, -0.482418030500412, 5.527205295562744], [-0.06603767722845078, -0.932659924030304, -0.3546610474586487, 1.9964299774169922], [0.0, 0.0, 0.0, 1.0]]}, {"file_name_image": "DATAROOT/sample/sample1/color/00000019.jpg", "intrinsics": [[1400.287353515625, 0.0, 952.8792724609375], [0.0, 1400.3319091796875, 531.3993530273438], [0.0, 0.0, 1.0]], "pose": [[-0.5284920334815979, -0.2809995114803314, 0.8010839223861694, 6.117188520431519], [-0.8470103144645691, 0.23809412121772766, -0.47527334094047546, 5.412225551605225], [-0.05718179792165756, -0.929704487323761, -0.3638403117656708, 2.0015657818317414], [0.0, 0.0, 0.0, 1.0]]}, {"file_name_image": "DATAROOT/sample/sample1/color/00000020.jpg", "intrinsics": [[1400.287353515625, 0.0, 952.8792724609375], [0.0, 1400.3319091796875, 531.3993530273438], [0.0, 0.0, 1.0]], "pose": [[-0.4900200068950653, -0.3094739615917206, 0.8149271607398987, 6.0577560138702395], [-0.870751142501831, 0.21763856709003448, -0.4409375786781311, 5.281064338684082], [-0.04090087115764618, -0.9256669878959656, -0.37612205743789673, 1.9925349032878876], [0.0, 0.0, 0.0, 1.0]]}, {"file_name_image": "DATAROOT/sample/sample1/color/00000021.jpg", "intrinsics": [[1400.287353515625, 0.0, 952.8792724609375], [0.0, 1400.3319091796875, 531.3993530273438], [0.0, 0.0, 1.0]], "pose": [[-0.4916354715824127, -0.31105491518974304, 0.8133507370948792, 5.980639524459839], [-0.8688021302223206, 0.23846250772476196, -0.43395674228668213, 5.110271759033203], [-0.058969274163246155, -0.9199894070625305, -0.38748180866241455, 1.9890790259838105], [0.0, 0.0, 0.0, 1.0]]}, {"file_name_image": "DATAROOT/sample/sample1/color/00000022.jpg", "intrinsics": [[1400.287353515625, 0.0, 952.8792724609375], [0.0, 1400.3319091796875, 531.3993530273438], [0.0, 0.0, 1.0]], "pose": [[-0.5411306619644165, -0.2898430824279785, 0.7894102931022644, 6.011210508346558], [-0.8370364904403687, 0.27597013115882874, -0.47245150804519653, 4.9631231498718265], [-0.08091685175895691, -0.9164232015609741, -0.39194512367248535, 1.981254575252533], [0.0, 0.0, 0.0, 1.0]]}, {"file_name_image": "DATAROOT/sample/sample1/color/00000023.jpg", "intrinsics": [[1400.287353515625, 0.0, 952.8792724609375], [0.0, 1400.3319091796875, 531.3993530273438], [0.0, 0.0, 1.0]], "pose": [[-0.6189484000205994, -0.23869943618774414, 0.748281717300415, 6.123377389907837], [-0.7819439172744751, 0.2769511342048645, -0.5584458708763123, 4.818816013336182], [-0.07393673807382584, -0.9307634830474854, -0.3580680191516876, 1.9932162439823151], [0.0, 0.0, 0.0, 1.0]]}, {"file_name_image": "DATAROOT/sample/sample1/color/00000024.jpg", "intrinsics": [[1400.287353515625, 0.0, 952.8792724609375], [0.0, 1400.3319091796875, 531.3993530273438], [0.0, 0.0, 1.0]], "pose": [[-0.6472158432006836, -0.22159965336322784, 0.7293868660926819, 6.196710176467896], [-0.7581761479377747, 0.2865947484970093, -0.5856896638870239, 4.699173755645752], [-0.07924984395503998, -0.9320713877677917, -0.35350024700164795, 2.000966069698334], [0.0, 0.0, 0.0, 1.0]]}, {"file_name_image": "DATAROOT/sample/sample1/color/00000025.jpg", "intrinsics": [[1400.287353515625, 0.0, 952.8792724609375], [0.0, 1400.3319091796875, 531.3993530273438], [0.0, 0.0, 1.0]], "pose": [[-0.6304622292518616, -0.23885752260684967, 0.7385556697845459, 6.183972425460816], [-0.7725979685783386, 0.2849089801311493, -0.5673792958259583, 4.539404697418213], [-0.07489833235740662, -0.9283177852630615, -0.36416518688201904, 2.0010721957683564], [0.0, 0.0, 0.0, 1.0]]}, {"file_name_image": "DATAROOT/sample/sample1/color/00000026.jpg", "intrinsics": [[1400.287353515625, 0.0, 952.8792724609375], [0.0, 1400.3319091796875, 531.3993530273438], [0.0, 0.0, 1.0]], "pose": [[-0.6560614109039307, -0.24159878492355347, 0.7149919271469116, 6.1328879070281985], [-0.7506226301193237, 0.3073183596134186, -0.5849111676216125, 4.359387226104737], [-0.07841631770133972, -0.9204267859458923, -0.3829692304134369, 1.9927394664287568], [0.0, 0.0, 0.0, 1.0]]}, {"file_name_image": "DATAROOT/sample/sample1/color/00000027.jpg", "intrinsics": [[1400.287353515625, 0.0, 952.8792724609375], [0.0, 1400.3319091796875, 531.3993530273438], [0.0, 0.0, 1.0]], "pose": [[-0.6866669058799744, -0.215702623128891, 0.6942340731620789, 6.114137477874756], [-0.7200034260749817, 0.3337007164955139, -0.6084725856781006, 4.239445991516114], [-0.10041730105876923, -0.917668879032135, -0.3844478726387024, 1.9937025284767151], [0.0, 0.0, 0.0, 1.0]]}, {"file_name_image": "DATAROOT/sample/sample1/color/00000028.jpg", "intrinsics": [[1400.287353515625, 0.0, 952.8792724609375], [0.0, 1400.3319091796875, 531.3993530273438], [0.0, 0.0, 1.0]], "pose": [[-0.7483507990837097, -0.18551373481750488, 0.636832594871521, 6.127418823242188], [-0.6559626460075378, 0.3494237959384918, -0.6690411567687988, 4.115487880706787], [-0.09840814024209976, -0.9184158444404602, -0.383181631565094, 1.9896220242977143], [0.0, 0.0, 0.0, 1.0]]}, {"file_name_image": "DATAROOT/sample/sample1/color/00000029.jpg", "intrinsics": [[1400.287353515625, 0.0, 952.8792724609375], [0.0, 1400.3319091796875, 531.3993530273438], [0.0, 0.0, 1.0]], "pose": [[-0.7788822054862976, -0.16231916844844818, 0.6058011651039124, 6.127012557983399], [-0.6199259757995605, 0.3456438481807709, -0.704430341720581, 3.9689429473876956], [-0.09504888951778412, -0.924220085144043, -0.36984172463417053, 2.003483591079712], [0.0, 0.0, 0.0, 1.0]]}, {"file_name_image": "DATAROOT/sample/sample1/color/00000030.jpg", "intrinsics": [[1400.287353515625, 0.0, 952.8792724609375], [0.0, 1400.3319091796875, 531.3993530273438], [0.0, 0.0, 1.0]], "pose": [[-0.715705156326294, -0.18496087193489075, 0.673465371131897, 6.027258462905884], [-0.6924195289611816, 0.31386950612068176, -0.6496468782424927, 3.8928416442871097], [-0.09122097492218018, -0.9312762022018433, -0.3527085483074188, 2.0049361562728882], [0.0, 0.0, 0.0, 1.0]]}, {"file_name_image": "DATAROOT/sample/sample1/color/00000031.jpg", "intrinsics": [[1400.287353515625, 0.0, 952.8792724609375], [0.0, 1400.3319091796875, 531.3993530273438], [0.0, 0.0, 1.0]], "pose": [[-0.6226650476455688, -0.13265804946422577, 0.7711614966392517, 5.874022550582886], [-0.7760586142539978, 0.23077630996704102, -0.5869201421737671, 3.836586780548096], [-0.1001061201095581, -0.9639212489128113, -0.24664676189422607, 2.0208725607395173], [0.0, 0.0, 0.0, 1.0]]}, {"file_name_image": "DATAROOT/sample/sample1/color/00000032.jpg", "intrinsics": [[1400.287353515625, 0.0, 952.8792724609375], [0.0, 1400.3319091796875, 531.3993530273438], [0.0, 0.0, 1.0]], "pose": [[-0.5709978342056274, -0.02978675626218319, 0.8204110264778137, 5.773424453735352], [-0.8144672513008118, 0.14590919017791748, -0.5615634918212891, 3.8769138526916507], [-0.10297834873199463, -0.9888494610786438, -0.10757416486740112, 2.034747270345688], [0.0, 0.0, 0.0, 1.0]]}, {"file_name_image": "DATAROOT/sample/sample1/color/00000033.jpg", "intrinsics": [[1400.287353515625, 0.0, 952.8792724609375], [0.0, 1400.3319091796875, 531.3993530273438], [0.0, 0.0, 1.0]], "pose": [[-0.5602121353149414, 0.08806487172842026, 0.8236546516418457, 5.647339410781861], [-0.8223348259925842, 0.06047815829515457, -0.565780758857727, 3.981202430725098], [-0.09963852167129517, -0.9942771196365356, 0.03853821009397507, 2.0419989502429963], [0.0, 0.0, 0.0, 1.0]]}, {"file_name_image": "DATAROOT/sample/sample1/color/00000034.jpg", "intrinsics": [[1400.287353515625, 0.0, 952.8792724609375], [0.0, 1400.3319091796875, 531.3993530273438], [0.0, 0.0, 1.0]], "pose": [[-0.4971345365047455, 0.161061093211174, 0.8525940179824829, 5.5333512496948245], [-0.8636788129806519, 0.0023254617117345333, -0.5040372014045715, 4.03238660812378], [-0.08316346257925034, -0.9869416952133179, 0.13794898986816406, 2.0755906081199647], [0.0, 0.0, 0.0, 1.0]]}, {"file_name_image": "DATAROOT/sample/sample1/color/00000035.jpg", "intrinsics": [[1400.287353515625, 0.0, 952.8792724609375], [0.0, 1400.3319091796875, 531.3993530273438], [0.0, 0.0, 1.0]], "pose": [[-0.3616885542869568, 0.21322785317897797, 0.9075875878334045, 5.4218917560577395], [-0.9306256175041199, -0.024273736402392387, -0.36516672372817993, 3.983540363311768], [-0.055833179503679276, -0.9767009019851685, 0.2072148472070694, 2.0841190791130066], [0.0, 0.0, 0.0, 1.0]]}, {"file_name_image": "DATAROOT/sample/sample1/color/00000036.jpg", "intrinsics": [[1400.287353515625, 0.0, 952.8792724609375], [0.0, 1400.3319091796875, 531.3993530273438], [0.0, 0.0, 1.0]], "pose": [[-0.10695108026266098, 0.2605801820755005, 0.9595099687576294, 5.316235251426697], [-0.9933646321296692, 0.013039084151387215, -0.11426576972007751, 3.9431970787048343], [-0.04228653013706207, -0.9653641581535339, 0.25745660066604614, 2.0849465107917786], [0.0, 0.0, 0.0, 1.0]]}, {"file_name_image": "DATAROOT/sample/sample1/color/00000037.jpg", "intrinsics": [[1400.287353515625, 0.0, 952.8792724609375], [0.0, 1400.3319091796875, 531.3993530273438], [0.0, 0.0, 1.0]], "pose": [[0.1411035805940628, 0.27734002470970154, 0.9503538012504578, 5.253829307556153], [-0.9890310168266296, 0.08184009790420532, 0.12296292185783386, 3.963990516662598], [-0.04367450624704361, -0.9572798609733582, 0.2858457863330841, 2.0896937227249146], [0.0, 0.0, 0.0, 1.0]]}, {"file_name_image": "DATAROOT/sample/sample1/color/00000038.jpg", "intrinsics": [[1400.287353515625, 0.0, 952.8792724609375], [0.0, 1400.3319091796875, 531.3993530273438], [0.0, 0.0, 1.0]], "pose": [[0.33350446820259094, 0.2630021274089813, 0.9053201675415039, 5.21229953289032], [-0.9421831965446472, 0.1262352168560028, 0.31041190028190613, 4.07067138671875], [-0.03264429792761803, -0.9565011858940125, 0.2898961901664734, 2.089358208179474], [0.0, 0.0, 0.0, 1.0]]}, {"file_name_image": "DATAROOT/sample/sample1/color/00000039.jpg", "intrinsics": [[1400.287353515625, 0.0, 952.8792724609375], [0.0, 1400.3319091796875, 531.3993530273438], [0.0, 0.0, 1.0]], "pose": [[0.4790725111961365, 0.24500028789043427, 0.8428905010223389, 5.165644474029541], [-0.8774944543838501, 0.15796233713626862, 0.4528259336948395, 4.205717868804932], [-0.02220246195793152, -0.9565682411193848, 0.2906618118286133, 2.084707853794098], [0.0, 0.0, 0.0, 1.0]]}, {"file_name_image": "DATAROOT/sample/sample1/color/00000040.jpg", "intrinsics": [[1400.287353515625, 0.0, 952.8792724609375], [0.0, 1400.3319091796875, 531.3993530273438], [0.0, 0.0, 1.0]], "pose": [[0.5959364771842957, 0.18400585651397705, 0.7816658616065979, 5.152605838775635], [-0.8028719425201416, 0.1559329479932785, 0.5753968954086304, 4.307843036651612], [-0.016011063009500504, -0.9704775810241699, 0.24065926671028137, 2.0759313678741456], [0.0, 0.0, 0.0, 1.0]]}, {"file_name_image": "DATAROOT/sample/sample1/color/00000041.jpg", "intrinsics": [[1400.287353515625, 0.0, 952.8792724609375], [0.0, 1400.3319091796875, 531.3993530273438], [0.0, 0.0, 1.0]], "pose": [[0.5167537927627563, 0.07636582851409912, 0.8527213931083679, 5.2431513738632205], [-0.8526614904403687, 0.13552463054656982, 0.5045804977416992, 4.329720325469971], [-0.07703204452991486, -0.9878265857696533, 0.1351470649242401, 2.066722152233124], [0.0, 0.0, 0.0, 1.0]]}, {"file_name_image": "DATAROOT/sample/sample1/color/00000042.jpg", "intrinsics": [[1400.287353515625, 0.0, 952.8792724609375], [0.0, 1400.3319091796875, 531.3993530273438], [0.0, 0.0, 1.0]], "pose": [[0.46026813983917236, -0.021897876635193825, 0.887509822845459, 5.367775030136109], [-0.884290874004364, 0.07723551988601685, 0.460504412651062, 4.337524242401123], [-0.07863134890794754, -0.9967723488807678, 0.016184953972697258, 2.0555637753009797], [0.0, 0.0, 0.0, 1.0]]}, {"file_name_image": "DATAROOT/sample/sample1/color/00000043.jpg", "intrinsics": [[1400.287353515625, 0.0, 952.8792724609375], [0.0, 1400.3319091796875, 531.3993530273438], [0.0, 0.0, 1.0]], "pose": [[0.46319758892059326, -0.13029524683952332, 0.8766248822212219, 5.451150484085083], [-0.8831583857536316, 0.014754394069314003, 0.4688428044319153, 4.386726684570313], [-0.07402206212282181, -0.9913654327392578, -0.1082371398806572, 2.045230624675751], [0.0, 0.0, 0.0, 1.0]]}, {"file_name_image": "DATAROOT/sample/sample1/color/00000044.jpg", "intrinsics": [[1400.287353515625, 0.0, 952.8792724609375], [0.0, 1400.3319091796875, 531.3993530273438], [0.0, 0.0, 1.0]], "pose": [[0.3821256756782532, -0.2191821187734604, 0.8977411389350891, 5.505246229171753], [-0.9195330739021301, 0.00638640858232975, 0.39296069741249084, 4.5190008354187015], [-0.09186330437660217, -0.9756630659103394, -0.19910480082035065, 2.0335015332698823], [0.0, 0.0, 0.0, 1.0]]}, {"file_name_image": "DATAROOT/sample/sample1/color/00000045.jpg", "intrinsics": [[1400.287353515625, 0.0, 952.8792724609375], [0.0, 1400.3319091796875, 531.3993530273438], [0.0, 0.0, 1.0]], "pose": [[0.2852385342121124, -0.3270161747932434, 0.9009436368942261, 5.54689151763916], [-0.952587366104126, 0.007142107468098402, 0.304181307554245, 4.635995693206787], [-0.10590685158967972, -0.9449917674064636, -0.30947428941726685, 2.020625618696213], [0.0, 0.0, 0.0, 1.0]]}, {"file_name_image": "DATAROOT/sample/sample1/color/00000046.jpg", "intrinsics": [[1400.287353515625, 0.0, 952.8792724609375], [0.0, 1400.3319091796875, 531.3993530273438], [0.0, 0.0, 1.0]], "pose": [[0.25119054317474365, -0.4290364980697632, 0.8676583170890808, 5.635160751342774], [-0.96278315782547, -0.01836084946990013, 0.26965054869651794, 4.64594108581543], [-0.09975899010896683, -0.9031005501747131, -0.41768118739128113, 1.9996983981132508], [0.0, 0.0, 0.0, 1.0]]}, {"file_name_image": "DATAROOT/sample/sample1/color/00000047.jpg", "intrinsics": [[1400.287353515625, 0.0, 952.8792724609375], [0.0, 1400.3319091796875, 531.3993530273438], [0.0, 0.0, 1.0]], "pose": [[0.3210805356502533, -0.49450957775115967, 0.8076927661895752, 5.770292348861695], [-0.9453446865081787, -0.11616621166467667, 0.3046783208847046, 4.55235559463501], [-0.05683973804116249, -0.8613743185997009, -0.5047807097434998, 1.9821117198467255], [0.0, 0.0, 0.0, 1.0]]}, {"file_name_image": "DATAROOT/sample/sample1/color/00000048.jpg", "intrinsics": [[1400.287353515625, 0.0, 952.8792724609375], [0.0, 1400.3319091796875, 531.3993530273438], [0.0, 0.0, 1.0]], "pose": [[0.35895657539367676, -0.5188693404197693, 0.7758380770683289, 5.887636489868164], [-0.9322376847267151, -0.15866537392139435, 0.3252047896385193, 4.446658439636231], [-0.045640166848897934, -0.8399999141693115, -0.5406635999679565, 1.9635631716251374], [0.0, 0.0, 0.0, 1.0]]}, {"file_name_image": "DATAROOT/sample/sample1/color/00000049.jpg", "intrinsics": [[1400.287353515625, 0.0, 952.8792724609375], [0.0, 1400.3319091796875, 531.3993530273438], [0.0, 0.0, 1.0]], "pose": [[0.42294496297836304, -0.542554497718811, 0.7257769107818604, 6.01170093536377], [-0.9052578210830688, -0.21734465658664703, 0.36506107449531555, 4.402447052001953], [-0.04032179340720177, -0.81141597032547, -0.583076536655426, 1.9402509307861329], [0.0, 0.0, 0.0, 1.0]]}, {"file_name_image": "DATAROOT/sample/sample1/color/00000050.jpg", "intrinsics": [[1400.287353515625, 0.0, 952.8792724609375], [0.0, 1400.3319091796875, 531.3993530273438], [0.0, 0.0, 1.0]], "pose": [[0.47997117042541504, -0.535976231098175, 0.6945194005966187, 6.15445143699646], [-0.8771321773529053, -0.2784455716609955, 0.39128920435905457, 4.3379443359375], [-0.016335871070623398, -0.796992838382721, -0.6037678122520447, 1.9411399340629578], [0.0, 0.0, 0.0, 1.0]]}, {"file_name_image": "DATAROOT/sample/sample1/color/00000051.jpg", "intrinsics": [[1400.287353515625, 0.0, 952.8792724609375], [0.0, 1400.3319091796875, 531.3993530273438], [0.0, 0.0, 1.0]], "pose": [[0.5661182999610901, -0.49239155650138855, 0.6611055731773376, 6.2265673351287845], [-0.8241950273513794, -0.32391858100891113, 0.46452051401138306, 4.25872880935669], [-0.014581583440303802, -0.8078535199165344, -0.589202880859375, 1.9540633833408356], [0.0, 0.0, 0.0, 1.0]]}, {"file_name_image": "DATAROOT/sample/sample1/color/00000052.jpg", "intrinsics": [[1400.287353515625, 0.0, 952.8792724609375], [0.0, 1400.3319091796875, 531.3993530273438], [0.0, 0.0, 1.0]], "pose": [[0.6877700090408325, -0.40301966667175293, 0.6037777066230774, 6.268148012161255], [-0.7257264256477356, -0.40135860443115234, 0.5587776303291321, 4.089302845001221], [0.01713302917778492, -0.8224879503250122, -0.5685244202613831, 1.9526341831684113], [0.0, 0.0, 0.0, 1.0]]}, {"file_name_image": "DATAROOT/sample/sample1/color/00000053.jpg", "intrinsics": [[1400.287353515625, 0.0, 952.8792724609375], [0.0, 1400.3319091796875, 531.3993530273438], [0.0, 0.0, 1.0]], "pose": [[0.7156556248664856, -0.3804622292518616, 0.585735023021698, 6.325044221878052], [-0.698038637638092, -0.3607078790664673, 0.6185724139213562, 3.9647620391845706], [-0.024064214900135994, -0.8515505194664001, -0.5237199664115906, 1.9652347838878632], [0.0, 0.0, 0.0, 1.0]]}, {"file_name_image": "DATAROOT/sample/sample1/color/00000054.jpg", "intrinsics": [[1400.287353515625, 0.0, 952.8792724609375], [0.0, 1400.3319091796875, 531.3993530273438], [0.0, 0.0, 1.0]], "pose": [[0.7319097518920898, -0.2758437991142273, 0.6230717301368713, 6.398962564468384], [-0.6807633638381958, -0.2564460039138794, 0.6861462593078613, 3.9730771255493167], [-0.029484935104846954, -0.9263615012168884, -0.37547966837882996, 1.990521309375763], [0.0, 0.0, 0.0, 1.0]]}, {"file_name_image": "DATAROOT/sample/sample1/color/00000055.jpg", "intrinsics": [[1400.287353515625, 0.0, 952.8792724609375], [0.0, 1400.3319091796875, 531.3993530273438], [0.0, 0.0, 1.0]], "pose": [[0.8293395042419434, -0.19567818939685822, 0.5233603119850159, 6.45913631439209], [-0.5574803352355957, -0.226801797747612, 0.7986091375350952, 4.010887451171875], [-0.03757133707404137, -0.9540812373161316, -0.29718244075775146, 2.0118840312957764], [0.0, 0.0, 0.0, 1.0]]}, {"file_name_image": "DATAROOT/sample/sample1/color/00000056.jpg", "intrinsics": [[1400.287353515625, 0.0, 952.8792724609375], [0.0, 1400.3319091796875, 531.3993530273438], [0.0, 0.0, 1.0]], "pose": [[0.9180236458778381, -0.1370483934879303, 0.37208908796310425, 6.536084957122803], [-0.395750492811203, -0.2580263912677765, 0.8813648223876953, 3.9269393157958987], [-0.02478083409368992, -0.9563682079315186, -0.2911112904548645, 2.01318740606308], [0.0, 0.0, 0.0, 1.0]]}, {"file_name_image": "DATAROOT/sample/sample1/color/00000057.jpg", "intrinsics": [[1400.287353515625, 0.0, 952.8792724609375], [0.0, 1400.3319091796875, 531.3993530273438], [0.0, 0.0, 1.0]], "pose": [[0.9762257933616638, -0.08148549497127533, 0.20085647702217102, 6.611471719741822], [-0.21553680300712585, -0.26677975058555603, 0.9393468499183655, 3.807472534179688], [-0.022958697751164436, -0.9603065252304077, -0.2780004143714905, 2.017324504852295], [0.0, 0.0, 0.0, 1.0]]}, {"file_name_image": "DATAROOT/sample/sample1/color/00000058.jpg", "intrinsics": [[1400.287353515625, 0.0, 952.8792724609375], [0.0, 1400.3319091796875, 531.3993530273438], [0.0, 0.0, 1.0]], "pose": [[0.9944362044334412, -0.014553687535226345, -0.10433012247085571, 6.559173173904419], [0.0974898487329483, -0.2480245977640152, 0.9638358354568481, 3.7169025611877444], [-0.039903800934553146, -0.968644380569458, -0.24522580206394196, 2.0171075439453126], [0.0, 0.0, 0.0, 1.0]]}, {"file_name_image": "DATAROOT/sample/sample1/color/00000059.jpg", "intrinsics": [[1400.287353515625, 0.0, 952.8792724609375], [0.0, 1400.3319091796875, 531.3993530273438], [0.0, 0.0, 1.0]], "pose": [[0.9682583808898926, 0.03538388013839722, -0.24743430316448212, 6.511674709320069], [0.2485225349664688, -0.2419874668121338, 0.9379118084907532, 3.6137293052673343], [-0.026689041405916214, -0.9696339964866638, -0.2431000918149948, 2.016949532032013], [0.0, 0.0, 0.0, 1.0]]}, {"file_name_image": "DATAROOT/sample/sample1/color/00000060.jpg", "intrinsics": [[1400.287353515625, 0.0, 952.8792724609375], [0.0, 1400.3319091796875, 531.3993530273438], [0.0, 0.0, 1.0]], "pose": [[0.9124367237091064, 0.08173877745866776, -0.400971382856369, 6.488908596038819], [0.4088868498802185, -0.22151005268096924, 0.8852936625480652, 3.5143616867065433], [-0.016456367447972298, -0.9717263579368591, -0.23553581535816193, 2.0237598991394044], [0.0, 0.0, 0.0, 1.0]]}, {"file_name_image": "DATAROOT/sample/sample1/color/00000061.jpg", "intrinsics": [[1400.287353515625, 0.0, 952.8792724609375], [0.0, 1400.3319091796875, 531.3993530273438], [0.0, 0.0, 1.0]], "pose": [[0.8405075669288635, 0.09964190423488617, -0.5325584411621094, 6.561582155227661], [0.5417060852050781, -0.1728305071592331, 0.8226081132888794, 3.530628986358643], [-0.010076109319925308, -0.9798985123634338, -0.1992419809103012, 2.031636563539505], [0.0, 0.0, 0.0, 1.0]]}, {"file_name_image": "DATAROOT/sample/sample1/color/00000062.jpg", "intrinsics": [[1400.287353515625, 0.0, 952.8792724609375], [0.0, 1400.3319091796875, 531.3993530273438], [0.0, 0.0, 1.0]], "pose": [[0.756778359413147, 0.10044386982917786, -0.6459083557128906, 6.651539392471314], [0.6534030437469482, -0.14456188678741455, 0.7430789470672607, 3.585488624572754], [-0.01873600296676159, -0.9843845367431641, -0.1750316321849823, 2.0274088954925538], [0.0, 0.0, 0.0, 1.0]]}, {"file_name_image": "DATAROOT/sample/sample1/color/00000063.jpg", "intrinsics": [[1400.287353515625, 0.0, 952.8792724609375], [0.0, 1400.3319091796875, 531.3993530273438], [0.0, 0.0, 1.0]], "pose": [[0.6645641326904297, 0.12999582290649414, -0.7358366847038269, 6.663022346496582], [0.7467634677886963, -0.15038132667541504, 0.6478655934333801, 3.6379397583007815], [-0.026436273008584976, -0.9800441265106201, -0.19701416790485382, 2.0211407816410065], [0.0, 0.0, 0.0, 1.0]]}, {"file_name_image": "DATAROOT/sample/sample1/color/00000064.jpg", "intrinsics": [[1400.287353515625, 0.0, 952.8792724609375], [0.0, 1400.3319091796875, 531.3993530273438], [0.0, 0.0, 1.0]], "pose": [[0.583631694316864, 0.1759631186723709, -0.7927237749099731, 6.591494626998902], [0.8117231726646423, -0.15275254845619202, 0.5637128353118896, 3.731076068878174], [-0.021897919476032257, -0.9724729657173157, -0.23198457062244415, 2.014632580280304], [0.0, 0.0, 0.0, 1.0]]}, {"file_name_image": "DATAROOT/sample/sample1/color/00000065.jpg", "intrinsics": [[1400.287353515625, 0.0, 952.8792724609375], [0.0, 1400.3319091796875, 531.3993530273438], [0.0, 0.0, 1.0]], "pose": [[0.5575529932975769, 0.20326830446720123, -0.80487060546875, 6.545944519042969], [0.8294742107391357, -0.17527540028095245, 0.5303310751914978, 3.804367370605469], [-0.03327452018857002, -0.9633070826530457, -0.26633113622665405, 2.0166559195518494], [0.0, 0.0, 0.0, 1.0]]}, {"file_name_image": "DATAROOT/sample/sample1/color/00000066.jpg", "intrinsics": [[1400.287353515625, 0.0, 952.8792724609375], [0.0, 1400.3319091796875, 531.3993530273438], [0.0, 0.0, 1.0]], "pose": [[0.44592493772506714, 0.2692890167236328, -0.8536008596420288, 6.602157182693482], [0.8946012258529663, -0.16496270895004272, 0.41530224680900574, 3.880201644897461], [-0.028975974768400192, -0.9488259553909302, -0.31446725130081177, 2.0065631246566773], [0.0, 0.0, 0.0, 1.0]]}, {"file_name_image": "DATAROOT/sample/sample1/color/00000067.jpg", "intrinsics": [[1400.287353515625, 0.0, 952.8792724609375], [0.0, 1400.3319091796875, 531.3993530273438], [0.0, 0.0, 1.0]], "pose": [[0.34036898612976074, 0.34001395106315613, -0.8766638040542603, 6.7199943733215335], [0.940086841583252, -0.14252451062202454, 0.3097151517868042, 3.985125370025635], [-0.019638605415821075, -0.9295575618743896, -0.36815357208251953, 1.9911358332633973], [0.0, 0.0, 0.0, 1.0]]}, {"file_name_image": "DATAROOT/sample/sample1/color/00000068.jpg", "intrinsics": [[1400.287353515625, 0.0, 952.8792724609375], [0.0, 1400.3319091796875, 531.3993530273438], [0.0, 0.0, 1.0]], "pose": [[0.27975744009017944, 0.40233558416366577, -0.8717005848884583, 6.750238246917725], [0.9596914052963257, -0.1427108198404312, 0.24212807416915894, 4.078744716644287], [-0.02698436938226223, -0.9043006896972656, -0.4260424077510834, 1.9742050445079804], [0.0, 0.0, 0.0, 1.0]]}, {"file_name_image": "DATAROOT/sample/sample1/color/00000069.jpg", "intrinsics": [[1400.287353515625, 0.0, 952.8792724609375], [0.0, 1400.3319091796875, 531.3993530273438], [0.0, 0.0, 1.0]], "pose": [[0.21994706988334656, 0.440207839012146, -0.8705402612686157, 6.6874039840698245], [0.9754641652107239, -0.10806609690189362, 0.1918107122182846, 4.176354713439942], [-0.009639308787882328, -0.8913690447807312, -0.45317578315734863, 1.9618831253051758], [0.0, 0.0, 0.0, 1.0]]}, {"file_name_image": "DATAROOT/sample/sample1/color/00000070.jpg", "intrinsics": [[1400.287353515625, 0.0, 952.8792724609375], [0.0, 1400.3319091796875, 531.3993530273438], [0.0, 0.0, 1.0]], "pose": [[0.14936649799346924, 0.4579530656337738, -0.8763381838798523, 6.636166639328003], [0.9887713193893433, -0.0732751339673996, 0.13023823499679565, 4.2540543746948245], [-0.004570796154439449, -0.8859513401985168, -0.46375572681427, 1.9717672443389893], [0.0, 0.0, 0.0, 1.0]]}, {"file_name_image": "DATAROOT/sample/sample1/color/00000071.jpg", "intrinsics": [[1400.287353515625, 0.0, 952.8792724609375], [0.0, 1400.3319091796875, 531.3993530273438], [0.0, 0.0, 1.0]], "pose": [[0.034515008330345154, 0.46725642681121826, -0.8834478855133057, 6.63118392944336], [0.9993570446968079, -0.024720286950469017, 0.025968823581933975, 4.35770399093628], [-0.009704984724521637, -0.8837761878967285, -0.4678092300891876, 1.9742075777053834], [0.0, 0.0, 0.0, 1.0]]}, {"file_name_image": "DATAROOT/sample/sample1/color/00000072.jpg", "intrinsics": [[1400.287353515625, 0.0, 952.8792724609375], [0.0, 1400.3319091796875, 531.3993530273438], [0.0, 0.0, 1.0]], "pose": [[-0.12374724447727203, 0.4779098927974701, -0.8696486353874207, 6.650890655517578], [0.9923027157783508, 0.05545946583151817, -0.11072298884391785, 4.520035095214844], [-0.004685361869633198, -0.8766563534736633, -0.48109424114227295, 1.9679652428627015], [0.0, 0.0, 0.0, 1.0]]}, {"file_name_image": "DATAROOT/sample/sample1/color/00000073.jpg", "intrinsics": [[1400.287353515625, 0.0, 952.8792724609375], [0.0, 1400.3319091796875, 531.3993530273438], [0.0, 0.0, 1.0]], "pose": [[-0.21172583103179932, 0.46121618151664734, -0.8616564273834229, 6.576417274475098], [0.9768306016921997, 0.07170992344617844, -0.20164242386817932, 4.60535795211792], [-0.031211435794830322, -0.8843852877616882, -0.46571293473243713, 1.960135487318039], [0.0, 0.0, 0.0, 1.0]]}, {"file_name_image": "DATAROOT/sample/sample1/color/00000074.jpg", "intrinsics": [[1400.287353515625, 0.0, 952.8792724609375], [0.0, 1400.3319091796875, 531.3993530273438], [0.0, 0.0, 1.0]], "pose": [[-0.3269945979118347, 0.4562014937400818, -0.8276199102401733, 6.4587405395507815], [0.9449238777160645, 0.14494842290878296, -0.29344305396080017, 4.625952548980713], [-0.013906952925026417, -0.8779920935630798, -0.478473037481308, 1.962622640132904], [0.0, 0.0, 0.0, 1.0]]}, {"file_name_image": "DATAROOT/sample/sample1/color/00000075.jpg", "intrinsics": [[1400.287353515625, 0.0, 952.8792724609375], [0.0, 1400.3319091796875, 531.3993530273438], [0.0, 0.0, 1.0]], "pose": [[-0.4303116500377655, 0.47796696424484253, -0.7657541632652283, 6.377280540466309], [0.9020029902458191, 0.19481994211673737, -0.38527363538742065, 4.677895374298096], [-0.034963879734277725, -0.8565002679824829, -0.5149609446525574, 1.9641533172130585], [0.0, 0.0, 0.0, 1.0]]}, {"file_name_image": "DATAROOT/sample/sample1/color/00000076.jpg", "intrinsics": [[1400.287353515625, 0.0, 952.8792724609375], [0.0, 1400.3319091796875, 531.3993530273438], [0.0, 0.0, 1.0]], "pose": [[-0.5802536010742188, 0.4257045388221741, -0.694320797920227, 6.3203526210784915], [0.8143542408943176, 0.29120147228240967, -0.5020247101783752, 4.83482105255127], [-0.011526960879564285, -0.8567247986793518, -0.5156450271606445, 1.9639199650287629], [0.0, 0.0, 0.0, 1.0]]}, {"file_name_image": "DATAROOT/sample/sample1/color/00000077.jpg", "intrinsics": [[1400.287353515625, 0.0, 952.8792724609375], [0.0, 1400.3319091796875, 531.3993530273438], [0.0, 0.0, 1.0]], "pose": [[-0.6773722767829895, 0.3941934406757355, -0.6211105585098267, 6.2820695114135745], [0.7346857190132141, 0.3194994032382965, -0.5984622240066528, 4.935894794464112], [-0.037465427070856094, -0.8617027401924133, -0.5060283541679382, 1.96744087100029], [0.0, 0.0, 0.0, 1.0]]}, {"file_name_image": "DATAROOT/sample/sample1/color/00000078.jpg", "intrinsics": [[1400.287353515625, 0.0, 952.8792724609375], [0.0, 1400.3319091796875, 531.3993530273438], [0.0, 0.0, 1.0]], "pose": [[-0.768086314201355, 0.35631704330444336, -0.5320541262626648, 6.222328729629517], [0.6391602754592896, 0.376057505607605, -0.6708613038063049, 4.930093593597412], [-0.03895637392997742, -0.855347216129303, -0.5165883302688599, 1.9554334557056428], [0.0, 0.0, 0.0, 1.0]]}, {"file_name_image": "DATAROOT/sample/sample1/color/00000079.jpg", "intrinsics": [[1400.287353515625, 0.0, 952.8792724609375], [0.0, 1400.3319091796875, 531.3993530273438], [0.0, 0.0, 1.0]], "pose": [[-0.8638209104537964, 0.2757215201854706, -0.42165279388427734, 6.167144603729248], [0.5033432841300964, 0.43673864006996155, -0.7455902695655823, 4.898217506408692], [-0.021423228085041046, -0.8562926054000854, -0.5160465836524963, 1.958865967988968], [0.0, 0.0, 0.0, 1.0]]}, {"file_name_image": "DATAROOT/sample/sample1/color/00000080.jpg", "intrinsics": [[1400.287353515625, 0.0, 952.8792724609375], [0.0, 1400.3319091796875, 531.3993530273438], [0.0, 0.0, 1.0]], "pose": [[-0.9491845369338989, 0.18464230000972748, -0.25486454367637634, 6.150955028533936], [0.31388965249061584, 0.496616929769516, -0.8092248439788818, 4.946349449157715], [-0.022847093641757965, -0.8481031060218811, -0.5293384194374084, 1.9631646847724915], [0.0, 0.0, 0.0, 1.0]]}, {"file_name_image": "DATAROOT/sample/sample1/color/00000081.jpg", "intrinsics": [[1400.287353515625, 0.0, 952.8792724609375], [0.0, 1400.3319091796875, 531.3993530273438], [0.0, 0.0, 1.0]], "pose": [[-0.9904285669326782, 0.10196830332279205, -0.09302562475204468, 6.119953937530518], [0.1343337595462799, 0.5572592616081238, -0.8194001317024231, 5.0861514282226565], [-0.03171345591545105, -0.8240537643432617, -0.5656232237815857, 1.961179701089859], [0.0, 0.0, 0.0, 1.0]]}, {"file_name_image": "DATAROOT/sample/sample1/color/00000082.jpg", "intrinsics": [[1400.287353515625, 0.0, 952.8792724609375], [0.0, 1400.3319091796875, 531.3993530273438], [0.0, 0.0, 1.0]], "pose": [[-0.9963178038597107, 0.0847107470035553, -0.013227247633039951, 6.168808765411377], [0.06149710714817047, 0.5985788702964783, -0.7986998558044434, 5.128032989501953], [-0.059740908443927765, -0.7965723276138306, -0.6015841960906982, 1.954335836172104], [0.0, 0.0, 0.0, 1.0]]}, {"file_name_image": "DATAROOT/sample/sample1/color/00000083.jpg", "intrinsics": [[1400.287353515625, 0.0, 952.8792724609375], [0.0, 1400.3319091796875, 531.3993530273438], [0.0, 0.0, 1.0]], "pose": [[-0.994550883769989, 0.10384593904018402, -0.009197143837809563, 6.307181901931763], [0.06795579195022583, 0.5788571238517761, -0.8125924468040466, 5.1050346565246585], [-0.07906059175729752, -0.8087894916534424, -0.5827597379684448, 1.9567139720916749], [0.0, 0.0, 0.0, 1.0]]}, {"file_name_image": "DATAROOT/sample/sample1/color/00000084.jpg", "intrinsics": [[1400.287353515625, 0.0, 952.8792724609375], [0.0, 1400.3319091796875, 531.3993530273438], [0.0, 0.0, 1.0]], "pose": [[-0.9926626086235046, 0.11875823885202408, -0.02274789847433567, 6.426582164764405], [0.08664318919181824, 0.567365288734436, -0.8188953399658203, 5.07005054473877], [-0.08434420078992844, -0.8148577213287354, -0.5734918713569641, 1.9478027200698853], 