{"dataset": "ICL", "path": "DATAROOT/ICL", "scene": "living_room_traj2_frei", "frames": [{"file_name_image": "DATAROOT/ICL/living_room_traj2_frei/rgb/1.png", "intrinsics": [[481.2, 0.0, 319.5], [0.0, -480.0, 239.5], [0.0, 0.0, 1.0]], "pose": [[1.0, 0.0, 0.0, 0.0], [0.0, 0.0, -1.0, 2.25], [0.0, 1.0, 0.0, 0.0], [0.0, 0.0, 0.0, 1.0]]}, {"file_name_image": "DATAROOT/ICL/living_room_traj2_frei/rgb/2.png", "intrinsics": [[481.2, 0.0, 319.5], [0.0, -480.0, 239.5], [0.0, 0.0, 1.0]], "pose": [[0.9999999702874418, -0.0002286877969664402, -8.442160218238158e-05, -0.00473952], [-8.46263614143882e-05, -0.0008955041439534977, -0.9999995954552717, 2.25009], [0.00022861210455740402, 0.9999995728870187, -0.0008955234703619359, -0.00107861], [0.0, 0.0, 0.0, 1.0]]}, {"file_name_image": "DATAROOT/ICL/living_room_traj2_frei/rgb/3.png", "intrinsics": [[481.2, 0.0, 319.5], [0.0, -480.0, 239.5], [0.0, 0.0, 1.0]], "pose": [[0.9999960989012291, 0.0001047548773045242, -0.0027912736768256965, -0.00292253], [-0.002791040041481792, -0.0021678479767460743, -0.9999937552458198, 2.25128], [-0.00011080528012891741, 0.999997644728009, -0.0021675471446998993, -0.000298738], [0.0, 0.0, 0.0, 1.0]]}, {"file_name_image": "DATAROOT/ICL/living_room_traj2_frei/rgb/4.png", "intrinsics": [[481.2, 0.0, 319.5], [0.0, -480.0, 239.5], [0.0, 0.0, 1.0]], "pose": [[0.9999974964354745, 0.00045035553474657785, -0.002191871956925473, -0.00598407], [-0.0021909625147086905, -0.0020100533374056984, -0.9999955796746504, 2.24973], [-0.00045475932357077526, 0.999997878430486, -0.0020090615930125474, -0.00110865], [0.0, 0.0, 0.0, 1.0]]}, {"file_name_image": "DATAROOT/ICL/living_room_traj2_frei/rgb/5.png", "intrinsics": [[481.2, 0.0, 319.5], [0.0, -480.0, 239.5], [0.0, 0.0, 1.0]], "pose": [[0.999995585693141, 0.000608831123109806, -0.0029082501432108965, -0.0050931], [-0.0029066183408698295, -0.0026641654256566423, -0.9999922268659919, 2.25064], [-0.0006165744500646012, 0.9999962657666519, -0.002662384025504007, -0.000548601], [0.0, 0.0, 0.0, 1.0]]}, {"file_name_image": "DATAROOT/ICL/living_room_traj2_frei/rgb/6.png", "intrinsics": [[481.2, 0.0, 319.5], [0.0, -480.0, 239.5], [0.0, 0.0, 1.0]], "pose": [[0.9999950889513455, 0.00040460777384856804, -0.003107791135182279, -0.00521588], [-0.003106878259168073, -0.0022376102105406198, -0.999992670177151, 2.25032], [-0.00041155883332157393, 0.9999974146932056, -0.002236342154431945, -0.000398636], [0.0, 0.0, 0.0, 1.0]]}, {"file_name_image": "DATAROOT/ICL/living_room_traj2_frei/rgb/7.png", "intrinsics": [[481.2, 0.0, 319.5], [0.0, -480.0, 239.5], [0.0, 0.0, 1.0]], "pose": [[0.9999955853669877, 0.00027117223765624, -0.0029590052640838128, -0.00665593], [-0.002958385980181974, -0.0022563627585282737, -0.9999930783657925, 2.25049], [-0.0002778469499813715, 0.9999974176430254, -0.002255550565368656, -0.000558138], [0.0, 0.0, 0.0, 1.0]]}, {"file_name_image": "DATAROOT/ICL/living_room_traj2_frei/rgb/8.png", "intrinsics": [[481.2, 0.0, 319.5], [0.0, -480.0, 239.5], [0.0, 0.0, 1.0]], "pose": [[0.9999961305283326, 0.0008297872853043, -0.0026552554346153056, -0.0086422], [-0.0026534990052972276, -0.0021107027940476682, -0.9999942519218519, 2.25044], [-0.0008353869706868905, 0.9999974281900811, -0.0021084927870068455, 5.22137e-05], [0.0, 0.0, 0.0, 1.0]]}, {"file_name_image": "DATAROOT/ICL/living_room_traj2_frei/rgb/9.png", "intrinsics": [[481.2, 0.0, 319.5], [0.0, -480.0, 239.5], [0.0, 0.0, 1.0]], "pose": [[0.9999946315316133, 0.0014508241298494852, -0.002938029492256961, -0.0087378], [-0.0029358030410886245, -0.0015343638378094134, -0.9999945133790071, 2.24988], [-0.001455324175934694, 0.9999977704159932, -0.0015300962667331593, -0.00109792], [0.0, 0.0, 0.0, 1.0]]}, {"file_name_image": "DATAROOT/ICL/living_room_traj2_frei/rgb/10.png", "intrinsics": [[481.2, 0.0, 319.5], [0.0, -480.0, 239.5], [0.0, 0.0, 1.0]], "pose": [[0.9999923069675963, 0.0024412343979750267, -0.0030702410717488113, -0.00974321], [-0.0030656221198387904, -0.0018935520577906247, -0.9999935081897396, 2.24918], [-0.0024470322112438367, 0.9999952274062205, -0.0018860535884631425, -0.000217915], [0.0, 0.0, 0.0, 1.0]]}, {"file_name_image": "DATAROOT/ICL/living_room_traj2_frei/rgb/11.png", "intrinsics": [[481.2, 0.0, 319.5], [0.0, -480.0, 239.5], [0.0, 0.0, 1.0]], "pose": [[0.9999883106248736, 0.0037861456994146606, -0.003007276900168446, -0.00975752], [-0.0030027838890511562, -0.0011918236630940196, -0.9999947814090191, 2.25], [-0.0037897100848399575, 0.9999921222975204, -0.0011804407541123343, 1.23978e-05], [0.0, 0.0, 0.0, 1.0]]}, {"file_name_image": "DATAROOT/ICL/living_room_traj2_frei/rgb/12.png", "intrinsics": [[481.2, 0.0, 319.5], [0.0, -480.0, 239.5], [0.0, 0.0, 1.0]], "pose": [[0.999986963342478, 0.004947176863265019, -0.0012643520763118993, -0.0122159], [-0.0012618028681224526, -0.0005183727128794639, -0.9999990695711934, 2.24941], [-0.004947827665884987, 0.9999876282888774, -0.0005121235930767605, 0.000192881], [0.0, 0.0, 0.0, 1.0]]}, {"file_name_image": "DATAROOT/ICL/living_room_traj2_frei/rgb/13.png", "intrinsics": [[481.2, 0.0, 319.5], [0.0, -480.0, 239.5], [0.0, 0.0, 1.0]], "pose": [[0.9999842728105323, 0.005437591172289155, -0.0013735843017453442, -0.0121632], [-0.0013774807159563514, 0.0007128896565891054, -0.9999987971668839, 2.25004], [-0.005436605417733254, 0.9999849620822208, 0.0007203686218194895, -0.000886917], [0.0, 0.0, 0.0, 1.0]]}, {"file_name_image": "DATAROOT/ICL/living_room_traj2_frei/rgb/14.png", "intrinsics": [[481.2, 0.0, 319.5], [0.0, -480.0, 239.5], [0.0, 0.0, 1.0]], "pose": [[0.9999838877541108, 0.005676551024153879, 3.163295875004082e-05, -0.0152569], [2.949719113316591e-05, 0.00037632721348858204, -0.9999999287538696, 2.24926], [-0.005676562524064805, 0.9999838174422118, 0.00037615370770144687, -0.00200653], [0.0, 0.0, 0.0, 1.0]]}, {"file_name_image": "DATAROOT/ICL/living_room_traj2_frei/rgb/15.png", "intrinsics": [[481.2, 0.0, 319.5], [0.0, -480.0, 239.5], [0.0, 0.0, 1.0]], "pose": [[0.9999811479918792, 0.006133365152328663, -0.0002923914354085602, -0.0144269], [-0.00028703388950466737, -0.000874370450961719, -0.9999995765438408, 2.25035], [-0.006133618213548647, 0.999980808469954, -0.0008725934836674515, -0.000196218], [0.0, 0.0, 0.0, 1.0]]}, {"file_name_image": "DATAROOT/ICL/living_room_traj2_frei/rgb/16.png", "intrinsics": [[481.2, 0.0, 319.5], [0.0, -480.0, 239.5], [0.0, 0.0, 1.0]], "pose": [[0.9999765148200459, 0.006673825251859259, 0.0015588023807220446, -0.0165126], [0.001557291684702417, 0.0002315519625392883, -0.9999987606123807, 2.25179], [-0.006674177924153335, 0.9999777029715194, 0.0002211534319299019, 0.00113487], [0.0, 0.0, 0.0, 1.0]]}, {"file_name_image": "DATAROOT/ICL/living_room_traj2_frei/rgb/17.png", "intrinsics": [[481.2, 0.0, 319.5], [0.0, -480.0, 239.5], [0.0, 0.0, 1.0]], "pose": [[0.9999739709633627, 0.006763449166017093, 0.0025125984841427675, -0.0180514], [0.0024969246654349977, 0.002324877129047767, -0.9999941801398395, 2.25079], [-0.0067692512864390075, 0.9999744250238171, 0.002307928791689754, 0.000994921], [0.0, 0.0, 0.0, 1.0]]}, {"file_name_image": "DATAROOT/ICL/living_room_traj2_frei/rgb/18.png", "intrinsics": [[481.2, 0.0, 319.5], [0.0, -480.0, 239.5], [0.0, 0.0, 1.0]], "pose": [[0.9999659219698356, 0.007469778362380024, 0.0035152966067756963, -0.0195429], [0.0034893129322106265, 0.0034886966791476677, -0.9999878267712773, 2.25122], [-0.007481951234657788, 0.999966015125863, 0.003462513396996402, 0.000725508], [0.0, 0.0, 0.0, 1.0]]}, {"file_name_image": "DATAROOT/ICL/living_room_traj2_frei/rgb/19.png", "intrinsics": [[481.2, 0.0, 319.5], [0.0, -480.0, 239.5], [0.0, 0.0, 1.0]], "pose": [[0.9999475199337436, 0.008570917457032047, 0.00561219674458908, -0.022599], [0.005576148149758158, 0.004224041458187549, -0.9999755317234374, 2.25157], [-0.008594413893173962, 0.9999543473817714, 0.004176027074692195, 0.00197625], [0.0, 0.0, 0.0, 1.0]]}, {"file_name_image": "DATAROOT/ICL/living_room_traj2_frei/rgb/20.png", "intrinsics": [[481.2, 0.0, 319.5], [0.0, -480.0, 239.5], [0.0, 0.0, 1.0]], "pose": [[0.9999293061141904, 0.008929139257993827, 0.007851958106436498, -0.0255537], [0.00779841303741399, 0.006015755882599818, -0.9999514965413367, 2.25123], [-0.008975941627025651, 0.9999420388968915, 0.00594569748943797, 0.00106692], [0.0, 0.0, 0.0, 1.0]]}, {"file_name_image": "DATAROOT/ICL/living_room_traj2_frei/rgb/21.png", "intrinsics": [[481.2, 0.0, 319.5], [0.0, -480.0, 239.5], [0.0, 0.0, 1.0]], "pose": [[0.9999029040090406, 0.008603023037778252, 0.010962232842753418, -0.0312424], [0.0109092135259742, 0.0061857885767918445, -0.9999213594477957, 2.25169], [-0.008670156545990773, 0.9999438604313217, 0.006091335746232118, 0.00188851], [0.0, 0.0, 0.0, 1.0]]}, {"file_name_image": "DATAROOT/ICL/living_room_traj2_frei/rgb/22.png", "intrinsics": [[481.2, 0.0, 319.5], [0.0, -480.0, 239.5], [0.0, 0.0, 1.0]], "pose": [[0.9998908147773482, 0.008591110323872988, 0.01202295085633608, -0.0306437], [0.011958865074602035, 0.007472382912842247, -0.9999005695766612, 2.25337], [-0.008680096198677363, 0.9999351760574318, 0.007368827109845951, 0.00277901], [0.0, 0.0, 0.0, 1.0]]}, {"file_name_image": "DATAROOT/ICL/living_room_traj2_frei/rgb/23.png", "intrinsics": [[481.2, 0.0, 319.5], [0.0, -480.0, 239.5], [0.0, 0.0, 1.0]], "pose": [[0.9998232762255057, 0.008497033907121079, 0.016769517956023477, -0.0390253], [0.016687759114489626, 0.009603281765420904, -0.9998146306566387, 2.25398], [-0.008656501223527175, 0.9999177853174306, 0.009459788182190098, 0.00130105], [0.0, 0.0, 0.0, 1.0]]}, {"file_name_image": "DATAROOT/ICL/living_room_traj2_frei/rgb/24.png", "intrinsics": [[481.2, 0.0, 319.5], [0.0, -480.0, 239.5], [0.0, 0.0, 1.0]], "pose": [[0.9997831888654709, 0.009104689556805937, 0.018726448944320146, -0.0401657], [0.018640716220220368, 0.009411731580965792, -0.9997819477303264, 2.25477], [-0.009278952569512004, 0.9999142582925408, 0.009239973078462218, 7.15256e-05], [0.0, 0.0, 0.0, 1.0]]}, {"file_name_image": "DATAROOT/ICL/living_room_traj2_frei/rgb/25.png", "intrinsics": [[481.2, 0.0, 319.5], [0.0, -480.0, 239.5], [0.0, 0.0, 1.0]], "pose": [[0.9996837088631516, 0.008936369907504052, 0.023507946028732126, -0.0464387], [0.023439593124957078, 0.007678151725939328, -0.9996957694519918, 2.25389], [-0.009114148767163687, 0.9999305912306863, 0.00746625831995503, 0.00161266], [0.0, 0.0, 0.0, 1.0]]}, {"file_name_image": "DATAROOT/ICL/living_room_traj2_frei/rgb/26.png", "intrinsics": [[481.2, 0.0, 319.5], [0.0, -480.0, 239.5], [0.0, 0.0, 1.0]], "pose": [[0.9995752601049621, 0.007801829045076798, 0.02807901083814678, -0.0520899], [0.028010889677826962, 0.00870768119905645, -0.9995696905907022, 2.25608], [-0.008042974919392402, 0.9999316515400875, 0.008485446526791028, 0.00232482], [0.0, 0.0, 0.0, 1.0]]}, {"file_name_image": "DATAROOT/ICL/living_room_traj2_frei/rgb/27.png", "intrinsics": [[481.2, 0.0, 319.5], [0.0, -480.0, 239.5], [0.0, 0.0, 1.0]], "pose": [[0.9994836095512037, 0.006405430578345329, 0.03148784999968966, -0.0569046], [0.031422057601707395, 0.010125013544936222, -0.999454920642642, 2.25637], [-0.006720754018109861, 0.9999282247040638, 0.009918513276051177, 0.000545979], [0.0, 0.0, 0.0, 1.0]]}, {"file_name_image": "DATAROOT/ICL/living_room_traj2_frei/rgb/28.png", "intrinsics": [[481.2, 0.0, 319.5], [0.0, -480.0, 239.5], [0.0, 0.0, 1.0]], "pose": [[0.9993470656042382, 0.004943897331191698, 0.03579106518919058, -0.0629687], [0.035744113421048176, 0.009279511640944725, -0.9993178918739766, 2.25913], [-0.005272648664712772, 0.9999447227436545, 0.009096737501670348, 0.000338316], [0.0, 0.0, 0.0, 1.0]]}, {"file_name_image": "DATAROOT/ICL/living_room_traj2_frei/rgb/29.png", "intrinsics": [[481.2, 0.0, 319.5], [0.0, -480.0, 239.5], [0.0, 0.0, 1.0]], "pose": [[0.9991412923496902, 0.00404055070220335, 0.041235323107912496, -0.0725701], [0.04119857874061169, 0.008790313607515272, -0.9991123097512287, 2.25714], [-0.00439943536657111, 0.9999532010732824, 0.008616300351711716, 0.00112987], [0.0, 0.0, 0.0, 1.0]]}, {"file_name_image": "DATAROOT/ICL/living_room_traj2_frei/rgb/30.png", "intrinsics": [[481.2, 0.0, 319.5], [0.0, -480.0, 239.5], [0.0, 0.0, 1.0]], "pose": [[0.9989855073238422, 0.003334328510562025, 0.04490922411163932, -0.0790164], [0.044874116556348154, 0.009947556108777816, -0.9989431213991866, 2.25897], [-0.00377754155676334, 0.9999449626758697, 0.009787839339739677, 0.00039196], [0.0, 0.0, 0.0, 1.0]]}, {"file_name_image": "DATAROOT/ICL/living_room_traj2_frei/rgb/31.png", "intrinsics": [[481.2, 0.0, 319.5], [0.0, -480.0, 239.5], [0.0, 0.0, 1.0]], "pose": [[0.9987730756007094, 0.0024300020106409153, 0.049461485474334606, -0.0858111], [0.049435780876877174, 0.009693601399495998, -0.9987302627141129, 2.26125], [-0.002906376471298385, 0.9999500633442332, 0.009561579036493545, 3.43323e-05], [0.0, 0.0, 0.0, 1.0]]}, {"file_name_image": "DATAROOT/ICL/living_room_traj2_frei/rgb/32.png", "intrinsics": [[481.2, 0.0, 319.5], [0.0, -480.0, 239.5], [0.0, 0.0, 1.0]], "pose": [[0.9986092956318068, 0.0011554659137162446, 0.052708059879576365, -0.0913448], [0.052695379186182216, 0.009120391526509081, -0.9985689838317771, 2.26152], [-0.0016345305660163075, 0.9999577407855421, 0.009046820043713547, 0.000415802], [0.0, 0.0, 0.0, 1.0]]}, {"file_name_image": "DATAROOT/ICL/living_room_traj2_frei/rgb/33.png", "intrinsics": [[481.2, 0.0, 319.5], [0.0, -480.0, 239.5], [0.0, 0.0, 1.0]], "pose": [[0.9980949969491034, 0.0015933090452894829, 0.06167526596177444, -0.119627], [0.061658347679676394, 0.009086664039249221, -0.9980559506851557, 2.26185], [-0.0021506339952576396, 0.9999574460460425, 0.008971113113456346, 0.00107265], [0.0, 0.0, 0.0, 1.0]]}, {"file_name_image": "DATAROOT/ICL/living_room_traj2_frei/rgb/34.png", "intrinsics": [[481.2, 0.0, 319.5], [0.0, -480.0, 239.5], [0.0, 0.0, 1.0]], "pose": [[0.9979874351881941, -0.0009003442511845395, 0.06340558797708282, -0.12306], [0.06341137679879141, 0.009808353372489793, -0.9979392734513469, 2.26452], [0.00027658447521347796, 0.9999514916156432, 0.00984570549419105, 0.000324488], [0.0, 0.0, 0.0, 1.0]]}, {"file_name_image": "DATAROOT/ICL/living_room_traj2_frei/rgb/35.png", "intrinsics": [[481.2, 0.0, 319.5], [0.0, -480.0, 239.5], [0.0, 0.0, 1.0]], "pose": [[0.9978657071757666, -0.0044831094090233645, 0.06514546931778098, -0.128764], [0.06518357584604534, 0.008955694406798595, -0.9978331007626551, 2.2663], [0.0038899720474664975, 0.9999498473762165, 0.00922880543467933, -0.000533581], [0.0, 0.0, 0.0, 1.0]]}, {"file_name_image": "DATAROOT/ICL/living_room_traj2_frei/rgb/36.png", "intrinsics": [[481.2, 0.0, 319.5], [0.0, -480.0, 239.5], [0.0, 0.0, 1.0]], "pose": [[0.997611472961065, -0.0059923785020822564, 0.0688145363738083, -0.139614], [0.06885860236641048, 0.007486980719999872, -0.9975983350025415, 2.26504], [0.005462773709295849, 0.9999540172025843, 0.007881724672614075, 0.00151849], [0.0, 0.0, 0.0, 1.0]]}, {"file_name_image": "DATAROOT/ICL/living_room_traj2_frei/rgb/37.png", "intrinsics": [[481.2, 0.0, 319.5], [0.0, -480.0, 239.5], [0.0, 0.0, 1.0]], "pose": [[0.9972269859640882, -0.0064800725376516575, 0.0741373531014358, -0.151448], [0.07419302332533431, 0.008819890988637991, -0.9972048961035013, 2.26431], [0.005808076689111248, 0.9999401072978598, 0.009276209480067132, 0.00206089], [0.0, 0.0, 0.0, 1.0]]}, {"file_name_image": "DATAROOT/ICL/living_room_traj2_frei/rgb/38.png", "intrinsics": [[481.2, 0.0, 319.5], [0.0, -480.0, 239.5], [0.0, 0.0, 1.0]], "pose": [[0.997036875045704, -0.006151576112835685, 0.07667873179979669, -0.154633], [0.076737489190228, 0.009963667252959857, -0.9970015461811741, 2.26768], [0.005369129526916229, 0.9999314393728204, 0.010406200167347904, 0.00271273], [0.0, 0.0, 0.0, 1.0]]}, {"file_name_image": "DATAROOT/ICL/living_room_traj2_frei/rgb/39.png", "intrinsics": [[481.2, 0.0, 319.5], [0.0, -480.0, 239.5], [0.0, 0.0, 1.0]], "pose": [[0.9965929321526957, -0.005318574977617307, 0.08230577345180497, -0.164587], [0.08236184563726355, 0.01136099784927924, -0.996537733410578, 2.26697], [0.004365084937999746, 0.9999213171485425, 0.011760337810110396, 0.00436473], [0.0, 0.0, 0.0, 1.0]]}, {"file_name_image": "DATAROOT/ICL/living_room_traj2_frei/rgb/40.png", "intrinsics": [[481.2, 0.0, 319.5], [0.0, -480.0, 239.5], [0.0, 0.0, 1.0]], "pose": [[0.9960958368958922, -0.004132349440611175, 0.08818167273743956, -0.174984], [0.08823203657399502, 0.014217743946633369, -0.9959984756409386, 2.26525], [0.0028620692998976784, 0.9998903837147194, 0.014526841162273802, 0.00548649], [0.0, 0.0, 0.0, 1.0]]}, {"file_name_image": "DATAROOT/ICL/living_room_traj2_frei/rgb/41.png", "intrinsics": [[481.2, 0.0, 319.5], [0.0, -480.0, 239.5], [0.0, 0.0, 1.0]], "pose": [[0.9955688506417069, -0.003971239799464509, 0.09395154541786922, -0.18833], [0.0940078561776213, 0.01783478689137638, -0.9954116954071952, 2.26303], [0.0022774127510103307, 0.9998330608811625, 0.01812908602680227, 0.00401878], [0.0, 0.0, 0.0, 1.0]]}, {"file_name_image": "DATAROOT/ICL/living_room_traj2_frei/rgb/42.png", "intrinsics": [[481.2, 0.0, 319.5], [0.0, -480.0, 239.5], [0.0, 0.0, 1.0]], "pose": [[0.9954248237789489, -0.003251455243376836, 0.09549266067844589, -0.195125], [0.09553734267278938, 0.01894371441252288, -0.9952455736346074, 2.25968], [0.0014270107464573983, 0.9998152647979811, 0.019167678974576056, 0.00355935], [0.0, 0.0, 0.0, 1.0]]}, {"file_name_image": "DATAROOT/ICL/living_room_traj2_frei/rgb/43.png", "intrinsics": [[481.2, 0.0, 319.5], [0.0, -480.0, 239.5], [0.0, 0.0, 1.0]], "pose": [[0.9951918399408058, -0.0018605205572201806, 0.09792721878257188, -0.201401], [0.0979448636881338, 0.01965384493797321, -0.9949977537945837, 2.26178], [-7.343259783691854e-05, 0.9998051134308177, 0.01974157453809875, 0.00427151], [0.0, 0.0, 0.0, 1.0]]}, {"file_name_image": "DATAROOT/ICL/living_room_traj2_frei/rgb/44.png", "intrinsics": [[481.2, 0.0, 319.5], [0.0, -480.0, 239.5], [0.0, 0.0, 1.0]], "pose": [[0.9949964305457745, -0.0005992767981605724, 0.09990867864448504, -0.209839], [0.09989896919583786, 0.021143715976064063, -0.9947729083707157, 2.25808], [-0.0015162964013775656, 0.9997762670428033, 0.021097789059056633, 0.00222206], [0.0, 0.0, 0.0, 1.0]]}, {"file_name_image": "DATAROOT/ICL/living_room_traj2_frei/rgb/45.png", "intrinsics": [[481.2, 0.0, 319.5], [0.0, -480.0, 239.5], [0.0, 0.0, 1.0]], "pose": [[0.994873273750565, 0.0006081515798116873, 0.10112763879617279, -0.215813], [0.10109529975882878, 0.020011221662742447, -0.9946754703792776, 2.25798], [-0.0026286010548910574, 0.9997995704936168, 0.019847148341100934, 0.00169349], [0.0, 0.0, 0.0, 1.0]]}, {"file_name_image": "DATAROOT/ICL/living_room_traj2_frei/rgb/46.png", "intrinsics": [[481.2, 0.0, 319.5], [0.0, -480.0, 239.5], [0.0, 0.0, 1.0]], "pose": [[0.9948275383036586, 0.0028130363516888166, 0.10153943007111535, -0.218796], [0.10147149418317242, 0.01832598459301261, -0.9946696407134035, 2.2583], [-0.0046588518883146, 0.9998281077841235, 0.017945751137860063, 0.00355411], [0.0, 0.0, 0.0, 1.0]]}, {"file_name_image": "DATAROOT/ICL/living_room_traj2_frei/rgb/47.png", "intrinsics": [[481.2, 0.0, 319.5], [0.0, -480.0, 239.5], [0.0, 0.0, 1.0]], "pose": [[0.9946869474694447, 0.004399743545023102, 0.10285192652865639, -0.22331], [0.10275053395932547, 0.019105499479404337, -0.9945236586731941, 2.2572], [-0.006340686476369123, 0.9998077926013482, 0.018551914958512546, 0.0038147], [0.0, 0.0, 0.0, 1.0]]}, {"file_name_image": "DATAROOT/ICL/living_room_traj2_frei/rgb/48.png", "intrinsics": [[481.2, 0.0, 319.5], [0.0, -480.0, 239.5], [0.0, 0.0, 1.0]], "pose": [[0.9944036830962137, 0.004375335886378574, 0.10555648478689558, -0.230597], [0.10545316549195466, 0.01940867327908378, -0.9942348481567482, 2.2564], [-0.0063988227363458074, 0.9998020603286568, 0.018838663173422813, 0.00272632], [0.0, 0.0, 0.0, 1.0]]}, {"file_name_image": "DATAROOT/ICL/living_room_traj2_frei/rgb/49.png", "intrinsics": [[481.2, 0.0, 319.5], [0.0, -480.0, 239.5], [0.0, 0.0, 1.0]], "pose": [[0.9938776260310804, 0.003498768332470203, 0.11043107848327649, -0.244921], [0.11035295401067258, 0.017690875832108988, -0.9937350041401437, 2.25148], [-0.005430471060806207, 0.9998373825440058, 0.017196466253540016, 0.00302792], [0.0, 0.0, 0.0, 1.0]]}, {"file_name_image": "DATAROOT/ICL/living_room_traj2_frei/rgb/50.png", "intrinsics": [[481.2, 0.0, 319.5], [0.0, -480.0, 239.5], [0.0, 0.0, 1.0]], "pose": [[0.9940219845156304, 0.002931003741241361, 0.10914075094425904, -0.243239], [0.1090773777051115, 0.016692838963258596, -0.9938930902266718, 2.25449], [-0.004734973345689942, 0.9998563688572553, 0.01627334271131967, 0.00318861], [0.0, 0.0, 0.0, 1.0]]}, {"file_name_image": "DATAROOT/ICL/living_room_traj2_frei/rgb/51.png", "intrinsics": [[481.2, 0.0, 319.5], [0.0, -480.0, 239.5], [0.0, 0.0, 1.0]], "pose": [[0.9938756177696888, 0.003076584905483894, 0.11046171747822325, -0.247216], [0.11040448188647536, 0.014886162446878098, -0.9937752525329779, 2.2552], [-0.00470178501192839, 0.9998844617219154, 0.014455325135641212, 0.00280976], [0.0, 0.0, 0.0, 1.0]]}, {"file_name_image": "DATAROOT/ICL/living_room_traj2_frei/rgb/52.png", "intrinsics": [[481.2, 0.0, 319.5], [0.0, -480.0, 239.5], [0.0, 0.0, 1.0]], "pose": [[0.9937916961498411, 0.004825635718048973, 0.11115204858003538, -0.24917], [0.11108717393758671, 0.012100381595495759, -0.993736997676852, 2.25842], [-0.0061403949532756776, 0.999915143402259, 0.011489192515477713, 0.00518131], [0.0, 0.0, 0.0, 1.0]]}, {"file_name_image": "DATAROOT/ICL/living_room_traj2_frei/rgb/53.png", "intrinsics": [[481.2, 0.0, 319.5], [0.0, -480.0, 239.5], [0.0, 0.0, 1.0]], "pose": [[0.9933899917716782, 0.006798246420085504, 0.11458668375285527, -0.26226], [0.11449857538900954, 0.012179595958774242, -0.9933487472565555, 2.25265], [-0.008148649075298917, 0.9999027159118495, 0.011320699199025886, 0.00675249], [0.0, 0.0, 0.0, 1.0]]}, {"file_name_image": "DATAROOT/ICL/living_room_traj2_frei/rgb/54.png", "intrinsics": [[481.2, 0.0, 319.5], [0.0, -480.0, 239.5], [0.0, 0.0, 1.0]], "pose": [[0.9934030057765416, 0.008925230922178378, 0.11432763606021966, -0.264524], [0.11419986281097673, 0.013711272901860605, -0.9933631724245492, 2.25295], [-0.01043357312172307, 0.9998661616678486, 0.012601559566861714, 0.00600314], [0.0, 0.0, 0.0, 1.0]]}, {"file_name_image": "DATAROOT/ICL/living_room_traj2_frei/rgb/55.png", "intrinsics": [[481.2, 0.0, 319.5], [0.0, -480.0, 239.5], [0.0, 0.0, 1.0]], "pose": [[0.9924779135778564, 0.010183923229284741, 0.1219995031457299, -0.284506], [0.12186177496655205, 0.01319948240685392, -0.9924593097282087, 2.24379], [-0.011717459713877987, 0.9998610210283483, 0.01185916379861826, 0.0055747], [0.0, 0.0, 0.0, 1.0]]}, {"file_name_image": "DATAROOT/ICL/living_room_traj2_frei/rgb/56.png", "intrinsics": [[481.2, 0.0, 319.5], [0.0, -480.0, 239.5], [0.0, 0.0, 1.0]], "pose": [[0.9923262978062941, 0.010974427273711382, 0.1231587618810296, -0.289388], [0.12303055315253396, 0.011680833807063813, -0.9923341378349095, 2.2432], [-0.012328895856306355, 0.9998715517843209, 0.010241008709037266, 0.00826573], [0.0, 0.0, 0.0, 1.0]]}, {"file_name_image": "DATAROOT/ICL/living_room_traj2_frei/rgb/57.png", "intrinsics": [[481.2, 0.0, 319.5], [0.0, -480.0, 239.5], [0.0, 0.0, 1.0]], "pose": [[0.9919453876819151, 0.009554333927282168, 0.12630543361146848, -0.298727], [0.1261700704828649, 0.013648347998599923, -0.9919147321777503, 2.24042], [-0.011200945090660266, 0.9998612090185893, 0.012332944861666872, 0.00891685], [0.0, 0.0, 0.0, 1.0]]}, {"file_name_image": "DATAROOT/ICL/living_room_traj2_frei/rgb/58.png", "intrinsics": [[481.2, 0.0, 319.5], [0.0, -480.0, 239.5], [0.0, 0.0, 1.0]], "pose": [[0.9912255259308314, 0.006788604318346079, 0.1320070891829521, -0.312896], [0.13189414087643977, 0.015022650433280538, -0.9911499662394311, 2.23472], [-0.008711621296451949, 0.9998641081793908, 0.013995457442285187, 0.00658846], [0.0, 0.0, 0.0, 1.0]]}, {"file_name_image": "DATAROOT/ICL/living_room_traj2_frei/rgb/59.png", "intrinsics": [[481.2, 0.0, 319.5], [0.0, -480.0, 239.5], [0.0, 0.0, 1.0]], "pose": [[0.9911295676170155, 0.00435435261078979, 0.132827782517999, -0.316017], [0.13276060023911693, 0.01318352990489851, -0.9910604510136585, 2.23666], [-0.0060665657053492255, 0.9999036124310121, 0.012488499828046836, 0.00829959], [0.0, 0.0, 0.0, 1.0]]}, {"file_name_image": "DATAROOT/ICL/living_room_traj2_frei/rgb/60.png", "intrinsics": [[481.2, 0.0, 319.5], [0.0, -480.0, 239.5], [0.0, 0.0, 1.0]], "pose": [[0.9907335890682695, 0.0016768094626208327, 0.1358092183982047, -0.322794], [0.13577245221711542, 0.014109021936053541, -0.9906395796246781, 2.23688], [-0.00357724906265994, 0.9998990568102532, 0.013750617408308375, 0.00978136], [0.0, 0.0, 0.0, 1.0]]}, {"file_name_image": "DATAROOT/ICL/living_room_traj2_frei/rgb/61.png", "intrinsics": [[481.2, 0.0, 319.5], [0.0, -480.0, 239.5], [0.0, 0.0, 1.0]], "pose": [[0.9890483676487203, -0.0015499312206229987, 0.14758361753464738, -0.346589], [0.14758951484122157, 0.015896906921408212, -0.9889209389325645, 2.22656], [-0.0008133635930936068, 0.9998724348953437, 0.01595156343817145, 0.00918341], [0.0, 0.0, 0.0, 1.0]]}, {"file_name_image": "DATAROOT/ICL/living_room_traj2_frei/rgb/62.png", "intrinsics": [[481.2, 0.0, 319.5], [0.0, -480.0, 239.5], [0.0, 0.0, 1.0]], "pose": [[0.9880491272145219, -0.00466089865472336, 0.15406881006339979, -0.355235], [0.15412687469745096, 0.017185834615957612, -0.9879015910426246, 2.2254], [0.0019567081074626617, 0.9998414489869298, 0.017698818635684104, 0.0103252], [0.0, 0.0, 0.0, 1.0]]}, {"file_name_image": "DATAROOT/ICL/living_room_traj2_frei/rgb/63.png", "intrinsics": [[481.2, 0.0, 319.5], [0.0, -480.0, 239.5], [0.0, 0.0, 1.0]], "pose": [[0.9867899567840037, -0.009429307231375854, 0.16173023636710732, -0.367811], [0.1618884061526092, 0.01954502109906878, -0.9866154955724163, 2.22084], [0.006142079744835964, 0.9997645124304889, 0.02081332604450323, 0.00912666], [0.0, 0.0, 0.0, 1.0]]}, {"file_name_image": "DATAROOT/ICL/living_room_traj2_frei/rgb/64.png", "intrinsics": [[481.2, 0.0, 319.5], [0.0, -480.0, 239.5], [0.0, 0.0, 1.0]], "pose": [[0.9854336023787712, -0.014014497331370612, 0.16948217949786593, -0.38162], [0.16974846792714732, 0.020703598026665798, -0.9852699217296428, 2.2171], [0.010299171771752776, 0.9996874285962084, 0.022780960636388556, 0.00928855], [0.0, 0.0, 0.0, 1.0]]}, {"file_name_image": "DATAROOT/ICL/living_room_traj2_frei/rgb/65.png", "intrinsics": [[481.2, 0.0, 319.5], [0.0, -480.0, 239.5], [0.0, 0.0, 1.0]], "pose": [[0.9841826014077194, -0.017002833929666283, 0.17633919225371933, -0.392313], [0.17670532439522582, 0.023182753361635142, -0.9839907460321726, 2.21515], [0.012642603241105527, 0.9995866463618518, 0.025820553796427458, 0.00799036], [0.0, 0.0, 0.0, 1.0]]}, {"file_name_image": "DATAROOT/ICL/living_room_traj2_frei/rgb/66.png", "intrinsics": [[481.2, 0.0, 319.5], [0.0, -480.0, 239.5], [0.0, 0.0, 1.0]], "pose": [[0.9828625106470936, -0.019545180518923958, 0.18330103950325713, -0.402592], [0.18375343147048603, 0.02460825868203418, -0.9826642916212329, 2.21287], [0.014695631572455615, 0.9995060877869233, 0.027778028899939626, 0.00550199], [0.0, 0.0, 0.0, 1.0]]}, {"file_name_image": "DATAROOT/ICL/living_room_traj2_frei/rgb/67.png", "intrinsics": [[481.2, 0.0, 319.5], [0.0, -480.0, 239.5], [0.0, 0.0, 1.0]], "pose": [[0.9816462969322731, -0.020696345753327954, 0.18958430576293553, -0.41374], [0.1900597035208412, 0.024102789179468093, -0.9814766246077082, 2.21357], [0.01574346901815054, 0.9994952310172515, 0.027593955081606447, 0.00571489], [0.0, 0.0, 0.0, 1.0]]}, {"file_name_image": "DATAROOT/ICL/living_room_traj2_frei/rgb/68.png", "intrinsics": [[481.2, 0.0, 319.5], [0.0, -480.0, 239.5], [0.0, 0.0, 1.0]], "pose": [[0.9806082411480088, -0.020535059061164828, 0.19489943237978666, -0.423303], [0.19539126894502243, 0.025529072685893155, -0.9803930428495768, 2.20908], [0.01515682726240827, 0.9994631447918192, 0.029046390312475336, 0.00544572], [0.0, 0.0, 0.0, 1.0]]}, {"file_name_image": "DATAROOT/ICL/living_room_traj2_frei/rgb/69.png", "intrinsics": [[481.2, 0.0, 319.5], [0.0, -480.0, 239.5], [0.0, 0.0, 1.0]], "pose": [[0.9795894818023576, -0.02001750390155882, 0.20000936648002168, -0.432248], [0.20052130099826573, 0.028074727749018265, -0.9792869944545274, 2.20944], [0.01398767272105908, 0.9994053778119115, 0.031515643932481505, 0.00365806], [0.0, 0.0, 0.0, 1.0]]}, {"file_name_image": "DATAROOT/ICL/living_room_traj2_frei/rgb/70.png", "intrinsics": [[481.2, 0.0, 319.5], [0.0, -480.0, 239.5], [0.0, 0.0, 1.0]], "pose": [[0.9790521585726528, -0.017846201121041596, 0.20282599414221109, -0.439427], [0.2032875792132549, 0.029673982395968745, -0.9786693082478771, 2.21252], [0.011446874326361437, 0.999400304119581, 0.03268028754226952, 0.00307059], [0.0, 0.0, 0.0, 1.0]]}, {"file_name_image": "DATAROOT/ICL/living_room_traj2_frei/rgb/71.png", "intrinsics": [[481.2, 0.0, 319.5], [0.0, -480.0, 239.5], [0.0, 0.0, 1.0]], "pose": [[0.9770671080418443, -0.01122742526247722, 0.21263539523024533, -0.455541], [0.2128960106119112, 0.0332528439474266, -0.9765088514882705, 2.20959], [0.0038929485329412977, 0.9993839068603134, 0.03488053411770364, -0.00208664], [0.0, 0.0, 0.0, 1.0]]}, {"file_name_image": "DATAROOT/ICL/living_room_traj2_frei/rgb/72.png", "intrinsics": [[481.2, 0.0, 319.5], [0.0, -480.0, 239.5], [0.0, 0.0, 1.0]], "pose": [[0.9758152596059158, -0.008368958440121116, 0.21843658039547012, -0.465528], [0.21859453733258197, 0.03277050811141369, -0.9752653598105873, 2.20792], [0.0010036775346653494, 0.9994278634962842, 0.033807370478330795, -0.00346494], [0.0, 0.0, 0.0, 1.0]]}, {"file_name_image": "DATAROOT/ICL/living_room_traj2_frei/rgb/73.png", "intrinsics": [[481.2, 0.0, 319.5], [0.0, -480.0, 239.5], [0.0, 0.0, 1.0]], "pose": [[0.9753128283258602, -0.005211071644877061, 0.2207662375349165, -0.467665], [0.2208173023928011, 0.03273010910634711, -0.9747658482537501, 2.21107], [-0.0021461283692859054, 0.9994506414476898, 0.03307279006712276, -0.00513339], [0.0, 0.0, 0.0, 1.0]]}, {"file_name_image": "DATAROOT/ICL/living_room_traj2_frei/rgb/74.png", "intrinsics": [[481.2, 0.0, 319.5], [0.0, -480.0, 239.5], [0.0, 0.0, 1.0]], "pose": [[0.9749958648682105, -0.0024778289059307554, 0.22220918939999543, -0.469059], [0.2221685166050095, 0.033010616996082875, -0.9744493057081356, 2.21386], [-0.0049207437872455136, 0.9994519295741296, 0.032735710640360724, -0.00880194], [0.0, 0.0, 0.0, 1.0]]}, {"file_name_image": "DATAROOT/ICL/living_room_traj2_frei/rgb/75.png", "intrinsics": [[481.2, 0.0, 319.5], [0.0, -480.0, 239.5], [0.0, 0.0, 1.0]], "pose": [[0.9745421408274203, 0.00020304510610721915, 0.22420431424081305, -0.467104], [0.22409495917698036, 0.030360066441872356, -0.9740943053098671, 2.22197], [-0.007004642958485594, 0.9995390063115746, 0.029541662761160825, -0.0119398], [0.0, 0.0, 0.0, 1.0]]}, {"file_name_image": "DATAROOT/ICL/living_room_traj2_frei/rgb/76.png", "intrinsics": [[481.2, 0.0, 319.5], [0.0, -480.0, 239.5], [0.0, 0.0, 1.0]], "pose": [[0.9737475108395202, 0.0027787004086832195, 0.22761384834380652, -0.467565], [0.22746786143999329, 0.025949901144703285, -0.9734397642599649, 2.22877], [-0.008611454334464927, 0.9996593827172428, 0.024636586606640833, -0.0122473], [0.0, 0.0, 0.0, 1.0]]}, {"file_name_image": "DATAROOT/ICL/living_room_traj2_frei/rgb/77.png", "intrinsics": [[481.2, 0.0, 319.5], [0.0, -480.0, 239.5], [0.0, 0.0, 1.0]], "pose": [[0.9729991046986783, 0.003719323425377683, 0.23077891777375975, -0.465848], [0.23063130431782247, 0.023547567758444538, -0.9727562456861026, 2.23596], [-0.009052277295260877, 0.9997157989578432, 0.022053969934023313, -0.0135155], [0.0, 0.0, 0.0, 1.0]]}, {"file_name_image": "DATAROOT/ICL/living_room_traj2_frei/rgb/78.png", "intrinsics": [[481.2, 0.0, 319.5], [0.0, -480.0, 239.5], [0.0, 0.0, 1.0]], "pose": [[0.9713688623614259, 0.003406561333715984, 0.2375519492122697, -0.472746], [0.23742356417159582, 0.02193767555432007, -0.9711584780906407, 2.23811], [-0.008519648509489127, 0.9997535364934464, 0.020500777012633958, -0.0165832], [0.0, 0.0, 0.0, 1.0]]}, {"file_name_image": "DATAROOT/ICL/living_room_traj2_frei/rgb/79.png", "intrinsics": [[481.2, 0.0, 319.5], [0.0, -480.0, 239.5], [0.0, 0.0, 1.0]], "pose": [[0.9700301686313263, 0.003068607550614593, 0.24296513246303694, -0.476202], [0.24286932316416246, 0.018540560453858965, -0.9698818172766405, 2.24182], [-0.00748089639430969, 0.9998234000391055, 0.017239632344701907, -0.0194311], [0.0, 0.0, 0.0, 1.0]]}, {"file_name_image": "DATAROOT/ICL/living_room_traj2_frei/rgb/80.png", "intrinsics": [[481.2, 0.0, 319.5], [0.0, -480.0, 239.5], [0.0, 0.0, 1.0]], "pose": [[0.9678235239958124, 0.0025583730275213446, 0.2516169333089075, -0.488145], [0.251557770311215, 0.014110023711853057, -0.9677394253759124, 2.23882], [-0.006026159338843173, 0.9998971756927325, 0.013012434258042478, -0.0184693], [0.0, 0.0, 0.0, 1.0]]}, {"file_name_image": "DATAROOT/ICL/living_room_traj2_frei/rgb/81.png", "intrinsics": [[481.2, 0.0, 319.5], [0.0, -480.0, 239.5], [0.0, 0.0, 1.0]], "pose": [[0.9655760333213831, 0.0005751795755315396, 0.2601203433870546, -0.496597], [0.2600877585713717, 0.013846670799785887, -0.965485695155077, 2.23929], [-0.004157128415528877, 0.9999039648267319, 0.013220416298988248, -0.0185471], [0.0, 0.0, 0.0, 1.0]]}, {"file_name_image": "DATAROOT/ICL/living_room_traj2_frei/rgb/82.png", "intrinsics": [[481.2, 0.0, 319.5], [0.0, -480.0, 239.5], [0.0, 0.0, 1.0]], "pose": [[0.9633964267757998, -0.002175597483879682, 0.2680719896804011, -0.504365], [0.26807514847131203, 0.014321500813692304, -0.9632915495251307, 2.24241], [-0.001743458546946543, 0.9998950751904079, 0.014380506328482734, -0.0206144], [0.0, 0.0, 0.0, 1.0]]}, {"file_name_image": "DATAROOT/ICL/living_room_traj2_frei/rgb/83.png", "intrinsics": [[481.2, 0.0, 319.5], [0.0, -480.0, 239.5], [0.0, 0.0, 1.0]], "pose": [[0.9607198502514698, -0.0038131872463861008, 0.27749383585192927, -0.516893], [0.27752001212777183, 0.013598491723157352, -0.9606236119789356, 2.24216], [-0.00011045992428421799, 0.9999002653394383, 0.014122576702780118, -0.0194817], [0.0, 0.0, 0.0, 1.0]]}, {"file_name_image": "DATAROOT/ICL/living_room_traj2_frei/rgb/84.png", "intrinsics": [[481.2, 0.0, 319.5], [0.0, -480.0, 239.5], [0.0, 0.0, 1.0]], "pose": [[0.9574034565744273, -0.005622901072752315, 0.28869881247221074, -0.530484], [0.2887521349591389, 0.015496752202645328, -0.9572784627409671, 2.24177], [0.0009087881369890484, 0.9998641075939749, 0.016460268813911272, -0.0204484], [0.0, 0.0, 0.0, 1.0]]}, {"file_name_image": "DATAROOT/ICL/living_room_traj2_frei/rgb/85.png", "intrinsics": [[481.2, 0.0, 319.5], [0.0, -480.0, 239.5], [0.0, 0.0, 1.0]], "pose": [[0.9535160541029728, -0.008432960575426146, 0.3012242017896802, -0.54528], [0.30132366330764276, 0.015588437922019246, -0.9533944884118083, 2.23772], [0.0033443233633971316, 0.9998429305541369, 0.01740487639014927, -0.0211663], [0.0, 0.0, 0.0, 1.0]]}, {"file_name_image": "DATAROOT/ICL/living_room_traj2_frei/rgb/86.png", "intrinsics": [[481.2, 0.0, 319.5], [0.0, -480.0, 239.5], [0.0, 0.0, 1.0]], "pose": [[0.9512283804274142, -0.012468943805103962, 0.30823545174074934, -0.555016], [0.30840599797102447, 0.01546452195130054, -0.951129112674149, 2.23803], [0.007092861547718502, 0.9998026675305497, 0.01855578922767752, -0.0200438], [0.0, 0.0, 0.0, 1.0]]}, {"file_name_image": "DATAROOT/ICL/living_room_traj2_frei/rgb/87.png", "intrinsics": [[481.2, 0.0, 319.5], [0.0, -480.0, 239.5], [0.0, 0.0, 1.0]], "pose": [[0.9487977232730787, -0.017025702665578644, 0.31542511910208704, -0.568035], [0.3156928026779585, 0.016344946893899617, -0.948720663340043, 2.2377], [0.010997029105992536, 0.9997214452835245, 0.020882940192009442, -0.0203907], [0.0, 0.0, 0.0, 1.0]]}, {"file_name_image": "DATAROOT/ICL/living_room_traj2_frei/rgb/88.png", "intrinsics": [[481.2, 0.0, 319.5], [0.0, -480.0, 239.5], [0.0, 0.0, 1.0]], "pose": [[0.946655686268725, -0.021284604114503797, 0.3215431188546542, -0.57736], [0.3219004347410834, 0.01620773479614811, -0.9466347867294331, 2.23755], [0.014937261080631151, 0.9996420734245166, 0.022194667624059704, -0.0205986], [0.0, 0.0, 0.0, 1.0]]}, {"file_name_image": "DATAROOT/ICL/living_room_traj2_frei/rgb/89.png", "intrinsics": [[481.2, 0.0, 319.5], [0.0, -480.0, 239.5], [0.0, 0.0, 1.0]], "pose": [[0.9449008155227578, -0.024923487978803102, 0.32640660007327943, -0.584866], [0.3268297678251943, 0.01526992888259731, -0.9449598574200123, 2.23879], [0.01856749007692981, 0.9995727332309995, 0.02257430604364695, -0.0187964], [0.0, 0.0, 0.0, 1.0]]}, {"file_name_image": "DATAROOT/ICL/living_room_traj2_frei/rgb/90.png", "intrinsics": [[481.2, 0.0, 319.5], [0.0, -480.0, 239.5], [0.0, 0.0, 1.0]], "pose": [[0.9421279731517462, -0.028129902305826328, 0.3340712361177586, -0.599371], [0.33459966007533315, 0.01669433694884526, -0.9422124848415616, 2.23576], [0.020927247369255886, 0.9994648606679992, 0.025140457582209712, -0.017544], [0.0, 0.0, 0.0, 1.0]]}, {"file_name_image": "DATAROOT/ICL/living_room_traj2_frei/rgb/91.png", "intrinsics": [[481.2, 0.0, 319.5], [0.0, -480.0, 239.5], [0.0, 0.0, 1.0]], "pose": [[0.9389308961772468, -0.030866308077038402, 0.3427186064827609, -0.61456], [0.3433757472031354, 0.019202628570592864, -0.9390017866269842, 2.23057], [0.022402420326398335, 0.9993390466111455, 0.028628682852100795, -0.0196722], [0.0, 0.0, 0.0, 1.0]]}, {"file_name_image": "DATAROOT/ICL/living_room_traj2_frei/rgb/92.png", "intrinsics": [[481.2, 0.0, 319.5], [0.0, -480.0, 239.5], [0.0, 0.0, 1.0]], "pose": [[0.9377025865013104, -0.03210496732747585, 0.34595249723286275, -0.619332], [0.3466268121533885, 0.018401764323279335, -0.937822599517718, 2.23397], [0.02374262759535571, 0.999315088519478, 0.02838382448113822, -0.0187399], [0.0, 0.0, 0.0, 1.0]]}, {"file_name_image": "DATAROOT/ICL/living_room_traj2_frei/rgb/93.png", "intrinsics": [[481.2, 0.0, 319.5], [0.0, -480.0, 239.5], [0.0, 0.0, 1.0]], "pose": [[0.9359377212475966, -0.03307445308884138, 0.35060898804612867, -0.626564], [0.3513143626255781, 0.018509944082109417, -0.9360745699905864, 2.2344], [0.024470401689392206, 0.9992814731210378, 0.028943685290725815, -0.0163682], [0.0, 0.0, 0.0, 1.0]]}, {"file_name_image": "DATAROOT/ICL/living_room_traj2_frei/rgb/94.png", "intrinsics": [[481.2, 0.0, 319.5], [0.0, -480.0, 239.5], [0.0, 0.0, 1.0]], "pose": [[0.9334165276196316, -0.034920855585457274, 0.3570911925708744, -0.639611], [0.3578997763827858, 0.0203738500205195, -0.9335377101652045, 2.22785], [0.025324613159170135, 0.9991823857937654, 0.03151545474552719, -0.0176973], [0.0, 0.0, 0.0, 1.0]]}, {"file_name_image": "DATAROOT/ICL/living_room_traj2_frei/rgb/95.png", "intrinsics": [[481.2, 0.0, 319.5], [0.0, -480.0, 239.5], [0.0, 0.0, 1.0]], "pose": [[0.9311225665047553, -0.03575382016320941, 0.36294962527785374, -0.649774], [0.36377089903491894, 0.019813209068210692, -0.9312777081846995, 2.22828], [0.026105538893582712, 0.9991642012653157, 0.031454725382991135, -0.0171447], [0.0, 0.0, 0.0, 1.0]]}, {"file_name_image": "DATAROOT/ICL/living_room_traj2_frei/rgb/96.png", "intrinsics": [[481.2, 0.0, 319.5], [0.0, -480.0, 239.5], [0.0, 0.0, 1.0]], "pose": [[0.9297840264752212, -0.035965348477496634, 0.3663443159384588, -0.655324], [0.36716871169213133, 0.019655912704527934, -0.9299466555937993, 2.22637], [0.02624502364002719, 0.9991597163640276, 0.031481104324502435, -0.0144141], [0.0, 0.0, 0.0, 1.0]]}, {"file_name_image": "DATAROOT/ICL/living_room_traj2_frei/rgb/97.png", "intrinsics": [[481.2, 0.0, 319.5], [0.0, -480.0, 239.5], [0.0, 0.0, 1.0]], "pose": [[0.9267451543168778, -0.037424877187816175, 0.3738218793993516, -0.66989], [0.37475837227256054, 0.02203734740456271, -0.9268605708147216, 2.2223], [0.026449600409220102, 0.999056421773489, 0.03444829097858259, -0.013792], [0.0, 0.0, 0.0, 1.0]]}, {"file_name_image": "DATAROOT/ICL/living_room_traj2_frei/rgb/98.png", "intrinsics": [[481.2, 0.0, 319.5], [0.0, -480.0, 239.5], [0.0, 0.0, 1.0]], "pose": [[0.9253356925644655, -0.03866600312811045, 0.37717210430828246, -0.675425], [0.378211154403245, 0.0242129317191